sample-time[seconds]	plasma[kBq/cc]
0.0000	0.0000
1.0000	0.8371
2.0000	1.7577
3.0000	2.7463
4.0000	3.7899
5.0000	4.8755
6.0000	5.9920
7.0000	7.1295
8.0000	8.2787
9.0000	9.4319
10.0000	10.5807
11.0000	11.7207
12.0000	12.8454
13.0000	13.9498
14.0000	15.0298
15.0000	16.0817
16.0000	17.1021
17.0000	18.0884
18.0000	19.0384
19.0000	19.9503
20.0000	20.8224
21.0000	21.6537
22.0000	22.4410
23.0000	23.1881
24.0000	23.8925
25.0000	24.5541
26.0000	25.1730
27.0000	25.7492
28.0000	26.2834
29.0000	26.7758
30.0000	27.2272
31.0000	27.6384
32.0000	28.0100
33.0000	28.3432
34.0000	28.6416
35.0000	28.9006
36.0000	29.1242
37.0000	29.3133
38.0000	29.4693
39.0000	29.5931
40.0000	29.6862
41.0000	29.7495
42.0000	29.7843
43.0000	29.7919
44.0000	29.7734
45.0000	29.7299
46.0000	29.6628
47.0000	29.5762
48.0000	29.4650
49.0000	29.3336
50.0000	29.1828
51.0000	29.0140
52.0000	28.8282
53.0000	28.6263
54.0000	28.4123
55.0000	28.1813
56.0000	27.9371
57.0000	27.6807
58.0000	27.4130
59.0000	27.1377
60.0000	26.8499
61.0000	26.5532
62.0000	26.2485
63.0000	25.9364
64.0000	25.6204
65.0000	25.2957
66.0000	24.9658
67.0000	24.6312
68.0000	24.2951
69.0000	23.9529
70.0000	23.6077
71.0000	23.2602
72.0000	22.9131
73.0000	22.5622
74.0000	22.2101
75.0000	21.8599
76.0000	21.5070
77.0000	21.1544
78.0000	20.8045
79.0000	20.4533
80.0000	20.1033
81.0000	19.7568
82.0000	19.4100
83.0000	19.0652
84.0000	18.7247
85.0000	18.3846
86.0000	18.0474
87.0000	17.7149
88.0000	17.3835
89.0000	17.0573
90.0000	16.7327
91.0000	16.4117
92.0000	16.0960
93.0000	15.7824
94.0000	15.4743
95.0000	15.1687
96.0000	14.8671
97.0000	14.5713
98.0000	14.2781
99.0000	13.9908
100.0000	13.7063
101.0000	13.4276
102.0000	13.1519
103.0000	12.8820
104.0000	12.6153
105.0000	12.3543
106.0000	12.0965
107.0000	11.8446
108.0000	11.5958
109.0000	11.3528
110.0000	11.1130
111.0000	10.8789
112.0000	10.6480
113.0000	10.4227
114.0000	10.2007
115.0000	9.9841
116.0000	9.7708
117.0000	9.5629
118.0000	9.3591
119.0000	9.1586
120.0000	8.9632
121.0000	8.7710
122.0000	8.5838
123.0000	8.3997
124.0000	8.2205
125.0000	8.0452
126.0000	7.8729
127.0000	7.7053
128.0000	7.5414
129.0000	7.3805
130.0000	7.2239
131.0000	7.0711
132.0000	6.9208
133.0000	6.7749
134.0000	6.6317
135.0000	6.4925
136.0000	6.3566
137.0000	6.2241
138.0000	6.0940
139.0000	5.9676
140.0000	5.8444
141.0000	5.7236
142.0000	5.6063
143.0000	5.4918
144.0000	5.3797
145.0000	5.2709
146.0000	5.1649
147.0000	5.0615
148.0000	4.9602
149.0000	4.8620
150.0000	4.7663
151.0000	4.6729
152.0000	4.5821
153.0000	4.4930
154.0000	4.4069
155.0000	4.3228
156.0000	4.2411
157.0000	4.1609
158.0000	4.0833
159.0000	4.0078
160.0000	3.9343
161.0000	3.8627
162.0000	3.7930
163.0000	3.7248
164.0000	3.6589
165.0000	3.5946
166.0000	3.5322
167.0000	3.4713
168.0000	3.4122
169.0000	3.3546
170.0000	3.2982
171.0000	3.2438
172.0000	3.1908
173.0000	3.1394
174.0000	3.0892
175.0000	3.0405
176.0000	2.9931
177.0000	2.9470
178.0000	2.9022
179.0000	2.8587
180.0000	2.8164
181.0000	2.7752
182.0000	2.7353
183.0000	2.6961
184.0000	2.6582
185.0000	2.6215
186.0000	2.5858
187.0000	2.5511
188.0000	2.5174
189.0000	2.4846
190.0000	2.4528
191.0000	2.4218
192.0000	2.3918
193.0000	2.3625
194.0000	2.3341
195.0000	2.3065
196.0000	2.2798
197.0000	2.2537
198.0000	2.2287
199.0000	2.2041
200.0000	2.1802
201.0000	2.1570
202.0000	2.1344
203.0000	2.1126
204.0000	2.0913
205.0000	2.0707
206.0000	2.0505
207.0000	2.0310
208.0000	2.0121
209.0000	1.9938
210.0000	1.9759
211.0000	1.9587
212.0000	1.9418
213.0000	1.9255
214.0000	1.9095
215.0000	1.8941
216.0000	1.8791
217.0000	1.8645
218.0000	1.8505
219.0000	1.8367
220.0000	1.8233
221.0000	1.8103
222.0000	1.7976
223.0000	1.7853
224.0000	1.7737
225.0000	1.7620
226.0000	1.7508
227.0000	1.7398
228.0000	1.7292
229.0000	1.7190
230.0000	1.7090
231.0000	1.6992
232.0000	1.6897
233.0000	1.6806
234.0000	1.6717
235.0000	1.6630
236.0000	1.6544
237.0000	1.6464
238.0000	1.6384
239.0000	1.6306
240.0000	1.6230
241.0000	1.6158
242.0000	1.6086
243.0000	1.6016
244.0000	1.5950
245.0000	1.5884
246.0000	1.5819
247.0000	1.5757
248.0000	1.5698
249.0000	1.5638
250.0000	1.5580
251.0000	1.5526
252.0000	1.5471
253.0000	1.5417
254.0000	1.5367
255.0000	1.5316
256.0000	1.5268
257.0000	1.5220
258.0000	1.5174
259.0000	1.5129
260.0000	1.5084
261.0000	1.5041
262.0000	1.5000
263.0000	1.4959
264.0000	1.4921
265.0000	1.4881
266.0000	1.4842
267.0000	1.4807
268.0000	1.4770
269.0000	1.4736
270.0000	1.4700
271.0000	1.4668
272.0000	1.4635
273.0000	1.4604
274.0000	1.4572
275.0000	1.4541
276.0000	1.4512
277.0000	1.4482
278.0000	1.4454
279.0000	1.4426
280.0000	1.4400
281.0000	1.4373
282.0000	1.4347
283.0000	1.4320
284.0000	1.4297
285.0000	1.4271
286.0000	1.4248
287.0000	1.4224
288.0000	1.4202
289.0000	1.4180
290.0000	1.4157
291.0000	1.4136
292.0000	1.4114
293.0000	1.4094
294.0000	1.4073
295.0000	1.4053
296.0000	1.4033
297.0000	1.4015
298.0000	1.3996
299.0000	1.3976
300.0000	1.3959
301.0000	1.3939
302.0000	1.3923
303.0000	1.3906
304.0000	1.3888
305.0000	1.3872
306.0000	1.3856
307.0000	1.3838
308.0000	1.3823
309.0000	1.3806
310.0000	1.3791
311.0000	1.3776
312.0000	1.3760
313.0000	1.3746
314.0000	1.3732
315.0000	1.3716
316.0000	1.3702
317.0000	1.3688
318.0000	1.3673
319.0000	1.3660
320.0000	1.3647
321.0000	1.3634
322.0000	1.3619
323.0000	1.3607
324.0000	1.3594
325.0000	1.3580
326.0000	1.3568
327.0000	1.3556
328.0000	1.3544
329.0000	1.3531
330.0000	1.3518
331.0000	1.3506
332.0000	1.3496
333.0000	1.3482
334.0000	1.3471
335.0000	1.3460
336.0000	1.3448
337.0000	1.3437
338.0000	1.3425
339.0000	1.3414
340.0000	1.3403
341.0000	1.3392
342.0000	1.3381
343.0000	1.3370
344.0000	1.3359
345.0000	1.3349
346.0000	1.3338
347.0000	1.3328
348.0000	1.3316
349.0000	1.3306
350.0000	1.3295
351.0000	1.3285
352.0000	1.3275
353.0000	1.3266
354.0000	1.3256
355.0000	1.3246
356.0000	1.3234
357.0000	1.3225
358.0000	1.3215
359.0000	1.3205
360.0000	1.3196
361.0000	1.3186
362.0000	1.3176
363.0000	1.3167
364.0000	1.3157
365.0000	1.3148
366.0000	1.3137
367.0000	1.3128
368.0000	1.3119
369.0000	1.3109
370.0000	1.3099
371.0000	1.3090
372.0000	1.3081
373.0000	1.3072
374.0000	1.3063
375.0000	1.3054
376.0000	1.3045
377.0000	1.3036
378.0000	1.3026
379.0000	1.3017
380.0000	1.3008
381.0000	1.3000
382.0000	1.2990
383.0000	1.2981
384.0000	1.2973
385.0000	1.2964
386.0000	1.2954
387.0000	1.2946
388.0000	1.2937
389.0000	1.2928
390.0000	1.2919
391.0000	1.2911
392.0000	1.2901
393.0000	1.2893
394.0000	1.2884
395.0000	1.2877
396.0000	1.2868
397.0000	1.2859
398.0000	1.2850
399.0000	1.2842
400.0000	1.2833
401.0000	1.2824
402.0000	1.2816
403.0000	1.2807
404.0000	1.2798
405.0000	1.2790
406.0000	1.2783
407.0000	1.2774
408.0000	1.2765
409.0000	1.2757
410.0000	1.2748
411.0000	1.2739
412.0000	1.2731
413.0000	1.2724
414.0000	1.2715
415.0000	1.2706
416.0000	1.2698
417.0000	1.2690
418.0000	1.2681
419.0000	1.2674
420.0000	1.2665
421.0000	1.2657
422.0000	1.2648
423.0000	1.2640
424.0000	1.2632
425.0000	1.2624
426.0000	1.2616
427.0000	1.2607
428.0000	1.2599
429.0000	1.2592
430.0000	1.2584
431.0000	1.2574
432.0000	1.2566
433.0000	1.2559
434.0000	1.2551
435.0000	1.2542
436.0000	1.2534
437.0000	1.2527
438.0000	1.2519
439.0000	1.2510
440.0000	1.2501
441.0000	1.2494
442.0000	1.2486
443.0000	1.2478
444.0000	1.2471
445.0000	1.2462
446.0000	1.2454
447.0000	1.2447
448.0000	1.2439
449.0000	1.2430
450.0000	1.2424
451.0000	1.2414
452.0000	1.2406
453.0000	1.2399
454.0000	1.2391
455.0000	1.2382
456.0000	1.2376
457.0000	1.2367
458.0000	1.2359
459.0000	1.2352
460.0000	1.2344
461.0000	1.2335
462.0000	1.2328
463.0000	1.2320
464.0000	1.2313
465.0000	1.2305
466.0000	1.2296
467.0000	1.2290
468.0000	1.2281
469.0000	1.2275
470.0000	1.2266
471.0000	1.2258
472.0000	1.2251
473.0000	1.2242
474.0000	1.2235
475.0000	1.2227
476.0000	1.2220
477.0000	1.2211
478.0000	1.2203
479.0000	1.2196
480.0000	1.2188
481.0000	1.2181
482.0000	1.2173
483.0000	1.2166
484.0000	1.2158
485.0000	1.2151
486.0000	1.2142
487.0000	1.2136
488.0000	1.2127
489.0000	1.2120
490.0000	1.2112
491.0000	1.2105
492.0000	1.2097
493.0000	1.2090
494.0000	1.2082
495.0000	1.2075
496.0000	1.2066
497.0000	1.2060
498.0000	1.2051
499.0000	1.2045
500.0000	1.2036
501.0000	1.2029
502.0000	1.2023
503.0000	1.2014
504.0000	1.2008
505.0000	1.1999
506.0000	1.1992
507.0000	1.1984
508.0000	1.1977
509.0000	1.1970
510.0000	1.1962
511.0000	1.1955
512.0000	1.1947
513.0000	1.1940
514.0000	1.1933
515.0000	1.1925
516.0000	1.1918
517.0000	1.1910
518.0000	1.1903
519.0000	1.1896
520.0000	1.1888
521.0000	1.1881
522.0000	1.1874
523.0000	1.1866
524.0000	1.1859
525.0000	1.1852
526.0000	1.1844
527.0000	1.1837
528.0000	1.1831
529.0000	1.1822
530.0000	1.1815
531.0000	1.1809
532.0000	1.1800
533.0000	1.1793
534.0000	1.1787
535.0000	1.1778
536.0000	1.1772
537.0000	1.1765
538.0000	1.1756
539.0000	1.1750
540.0000	1.1743
541.0000	1.1736
542.0000	1.1728
543.0000	1.1721
544.0000	1.1714
545.0000	1.1706
546.0000	1.1699
547.0000	1.1692
548.0000	1.1686
549.0000	1.1677
550.0000	1.1670
551.0000	1.1664
552.0000	1.1657
553.0000	1.1650
554.0000	1.1642
555.0000	1.1635
556.0000	1.1628
557.0000	1.1622
558.0000	1.1613
559.0000	1.1606
560.0000	1.1600
561.0000	1.1593
562.0000	1.1586
563.0000	1.1578
564.0000	1.1571
565.0000	1.1564
566.0000	1.1557
567.0000	1.1551
568.0000	1.1544
569.0000	1.1536
570.0000	1.1529
571.0000	1.1522
572.0000	1.1515
573.0000	1.1509
574.0000	1.1502
575.0000	1.1495
576.0000	1.1487
577.0000	1.1480
578.0000	1.1473
579.0000	1.1466
580.0000	1.1460
581.0000	1.1453
582.0000	1.1446
583.0000	1.1439
584.0000	1.1431
585.0000	1.1424
586.0000	1.1418
587.0000	1.1411
588.0000	1.1404
589.0000	1.1397
590.0000	1.1391
591.0000	1.1384
592.0000	1.1377
593.0000	1.1370
594.0000	1.1364
595.0000	1.1357
596.0000	1.1350
597.0000	1.1342
598.0000	1.1335
599.0000	1.1328
600.0000	1.1322
601.0000	1.1315
602.0000	1.1308
603.0000	1.1301
604.0000	1.1295
605.0000	1.1288
606.0000	1.1281
607.0000	1.1274
608.0000	1.1268
609.0000	1.1261
610.0000	1.1254
611.0000	1.1247
612.0000	1.1241
613.0000	1.1234
614.0000	1.1227
615.0000	1.1220
616.0000	1.1214
617.0000	1.1207
618.0000	1.1200
619.0000	1.1193
620.0000	1.1187
621.0000	1.1180
622.0000	1.1175
623.0000	1.1168
624.0000	1.1161
625.0000	1.1155
626.0000	1.1148
627.0000	1.1141
628.0000	1.1134
629.0000	1.1128
630.0000	1.1121
631.0000	1.1114
632.0000	1.1107
633.0000	1.1101
634.0000	1.1094
635.0000	1.1087
636.0000	1.1082
637.0000	1.1075
638.0000	1.1069
639.0000	1.1062
640.0000	1.1055
641.0000	1.1048
642.0000	1.1042
643.0000	1.1035
644.0000	1.1030
645.0000	1.1023
646.0000	1.1016
647.0000	1.1010
648.0000	1.1003
649.0000	1.0996
650.0000	1.0989
651.0000	1.0984
652.0000	1.0978
653.0000	1.0971
654.0000	1.0964
655.0000	1.0957
656.0000	1.0951
657.0000	1.0946
658.0000	1.0939
659.0000	1.0932
660.0000	1.0925
661.0000	1.0919
662.0000	1.0914
663.0000	1.0907
664.0000	1.0900
665.0000	1.0893
666.0000	1.0887
667.0000	1.0882
668.0000	1.0875
669.0000	1.0868
670.0000	1.0861
671.0000	1.0855
672.0000	1.0850
673.0000	1.0843
674.0000	1.0836
675.0000	1.0829
676.0000	1.0824
677.0000	1.0818
678.0000	1.0811
679.0000	1.0804
680.0000	1.0799
681.0000	1.0792
682.0000	1.0786
683.0000	1.0780
684.0000	1.0774
685.0000	1.0767
686.0000	1.0760
687.0000	1.0755
688.0000	1.0748
689.0000	1.0742
690.0000	1.0737
691.0000	1.0730
692.0000	1.0723
693.0000	1.0718
694.0000	1.0711
695.0000	1.0705
696.0000	1.0700
697.0000	1.0693
698.0000	1.0686
699.0000	1.0681
700.0000	1.0674
701.0000	1.0668
702.0000	1.0662
703.0000	1.0656
704.0000	1.0649
705.0000	1.0644
706.0000	1.0637
707.0000	1.0630
708.0000	1.0625
709.0000	1.0619
710.0000	1.0612
711.0000	1.0607
712.0000	1.0600
713.0000	1.0595
714.0000	1.0588
715.0000	1.0582
716.0000	1.0577
717.0000	1.0570
718.0000	1.0565
719.0000	1.0558
720.0000	1.0551
721.0000	1.0546
722.0000	1.0539
723.0000	1.0534
724.0000	1.0528
725.0000	1.0523
726.0000	1.0516
727.0000	1.0509
728.0000	1.0504
729.0000	1.0497
730.0000	1.0492
731.0000	1.0485
732.0000	1.0480
733.0000	1.0474
734.0000	1.0469
735.0000	1.0462
736.0000	1.0455
737.0000	1.0450
738.0000	1.0443
739.0000	1.0438
740.0000	1.0432
741.0000	1.0427
742.0000	1.0420
743.0000	1.0415
744.0000	1.0408
745.0000	1.0403
746.0000	1.0396
747.0000	1.0391
748.0000	1.0384
749.0000	1.0379
750.0000	1.0373
751.0000	1.0368
752.0000	1.0361
753.0000	1.0356
754.0000	1.0349
755.0000	1.0344
756.0000	1.0339
757.0000	1.0332
758.0000	1.0327
759.0000	1.0320
760.0000	1.0315
761.0000	1.0309
762.0000	1.0303
763.0000	1.0297
764.0000	1.0292
765.0000	1.0287
766.0000	1.0280
767.0000	1.0275
768.0000	1.0268
769.0000	1.0263
770.0000	1.0256
771.0000	1.0251
772.0000	1.0246
773.0000	1.0239
774.0000	1.0234
775.0000	1.0228
776.0000	1.0223
777.0000	1.0218
778.0000	1.0211
779.0000	1.0206
780.0000	1.0199
781.0000	1.0194
782.0000	1.0189
783.0000	1.0182
784.0000	1.0177
785.0000	1.0172
786.0000	1.0165
787.0000	1.0160
788.0000	1.0155
789.0000	1.0148
790.0000	1.0143
791.0000	1.0138
792.0000	1.0132
793.0000	1.0126
794.0000	1.0121
795.0000	1.0115
796.0000	1.0110
797.0000	1.0105
798.0000	1.0098
799.0000	1.0093
800.0000	1.0088
801.0000	1.0081
802.0000	1.0076
803.0000	1.0071
804.0000	1.0064
805.0000	1.0059
806.0000	1.0054
807.0000	1.0047
808.0000	1.0042
809.0000	1.0037
810.0000	1.0032
811.0000	1.0025
812.0000	1.0020
813.0000	1.0015
814.0000	1.0010
815.0000	1.0003
816.0000	0.9998
817.0000	0.9993
818.0000	0.9987
819.0000	0.9982
820.0000	0.9976
821.0000	0.9971
822.0000	0.9965
823.0000	0.9960
824.0000	0.9955
825.0000	0.9950
826.0000	0.9944
827.0000	0.9938
828.0000	0.9933
829.0000	0.9928
830.0000	0.9923
831.0000	0.9916
832.0000	0.9911
833.0000	0.9906
834.0000	0.9901
835.0000	0.9896
836.0000	0.9889
837.0000	0.9884
838.0000	0.9879
839.0000	0.9874
840.0000	0.9869
841.0000	0.9862
842.0000	0.9857
843.0000	0.9852
844.0000	0.9847
845.0000	0.9842
846.0000	0.9837
847.0000	0.9830
848.0000	0.9825
849.0000	0.9820
850.0000	0.9815
851.0000	0.9810
852.0000	0.9805
853.0000	0.9799
854.0000	0.9793
855.0000	0.9788
856.0000	0.9783
857.0000	0.9778
858.0000	0.9773
859.0000	0.9767
860.0000	0.9762
861.0000	0.9757
862.0000	0.9751
863.0000	0.9746
864.0000	0.9741
865.0000	0.9735
866.0000	0.9730
867.0000	0.9725
868.0000	0.9720
869.0000	0.9715
870.0000	0.9710
871.0000	0.9705
872.0000	0.9698
873.0000	0.9693
874.0000	0.9688
875.0000	0.9683
876.0000	0.9678
877.0000	0.9673
878.0000	0.9668
879.0000	0.9663
880.0000	0.9658
881.0000	0.9653
882.0000	0.9648
883.0000	0.9643
884.0000	0.9638
885.0000	0.9633
886.0000	0.9628
887.0000	0.9623
888.0000	0.9617
889.0000	0.9612
890.0000	0.9606
891.0000	0.9601
892.0000	0.9596
893.0000	0.9590
894.0000	0.9585
895.0000	0.9580
896.0000	0.9575
897.0000	0.9570
898.0000	0.9565
899.0000	0.9560
900.0000	0.9555
901.0000	0.9550
902.0000	0.9545
903.0000	0.9540
904.0000	0.9535
905.0000	0.9530
906.0000	0.9525
907.0000	0.9520
908.0000	0.9515
909.0000	0.9511
910.0000	0.9506
911.0000	0.9501
912.0000	0.9496
913.0000	0.9491
914.0000	0.9486
915.0000	0.9481
916.0000	0.9476
917.0000	0.9471
918.0000	0.9466
919.0000	0.9461
920.0000	0.9456
921.0000	0.9451
922.0000	0.9446
923.0000	0.9440
924.0000	0.9435
925.0000	0.9430
926.0000	0.9425
927.0000	0.9422
928.0000	0.9417
929.0000	0.9412
930.0000	0.9407
931.0000	0.9402
932.0000	0.9397
933.0000	0.9392
934.0000	0.9387
935.0000	0.9381
936.0000	0.9376
937.0000	0.9373
938.0000	0.9368
939.0000	0.9363
940.0000	0.9358
941.0000	0.9353
942.0000	0.9348
943.0000	0.9343
944.0000	0.9338
945.0000	0.9334
946.0000	0.9329
947.0000	0.9324
948.0000	0.9319
949.0000	0.9314
950.0000	0.9309
951.0000	0.9304
952.0000	0.9301
953.0000	0.9296
954.0000	0.9290
955.0000	0.9285
956.0000	0.9280
957.0000	0.9275
958.0000	0.9272
959.0000	0.9267
960.0000	0.9262
961.0000	0.9257
962.0000	0.9252
963.0000	0.9247
964.0000	0.9243
965.0000	0.9238
966.0000	0.9233
967.0000	0.9228
968.0000	0.9223
969.0000	0.9220
970.0000	0.9215
971.0000	0.9210
972.0000	0.9205
973.0000	0.9201
974.0000	0.9196
975.0000	0.9191
976.0000	0.9186
977.0000	0.9181
978.0000	0.9178
979.0000	0.9172
980.0000	0.9167
981.0000	0.9162
982.0000	0.9159
983.0000	0.9154
984.0000	0.9149
985.0000	0.9144
986.0000	0.9140
987.0000	0.9135
988.0000	0.9130
989.0000	0.9125
990.0000	0.9122
991.0000	0.9117
992.0000	0.9112
993.0000	0.9107
994.0000	0.9103
995.0000	0.9098
996.0000	0.9093
997.0000	0.9090
998.0000	0.9085
999.0000	0.9080
1000.0000	0.9075
1001.0000	0.9071
1002.0000	0.9066
1003.0000	0.9061
1004.0000	0.9058
1005.0000	0.9053
1006.0000	0.9048
1007.0000	0.9044
1008.0000	0.9039
1009.0000	0.9034
1010.0000	0.9029
1011.0000	0.9026
1012.0000	0.9021
1013.0000	0.9016
1014.0000	0.9012
1015.0000	0.9007
1016.0000	0.9002
1017.0000	0.8999
1018.0000	0.8994
1019.0000	0.8989
1020.0000	0.8985
1021.0000	0.8980
1022.0000	0.8977
1023.0000	0.8972
1024.0000	0.8967
1025.0000	0.8963
1026.0000	0.8958
1027.0000	0.8953
1028.0000	0.8950
1029.0000	0.8945
1030.0000	0.8940
1031.0000	0.8937
1032.0000	0.8931
1033.0000	0.8928
1034.0000	0.8923
1035.0000	0.8918
1036.0000	0.8915
1037.0000	0.8910
1038.0000	0.8906
1039.0000	0.8901
1040.0000	0.8896
1041.0000	0.8893
1042.0000	0.8888
1043.0000	0.8884
1044.0000	0.8879
1045.0000	0.8874
1046.0000	0.8871
1047.0000	0.8866
1048.0000	0.8862
1049.0000	0.8857
1050.0000	0.8852
1051.0000	0.8849
1052.0000	0.8844
1053.0000	0.8840
1054.0000	0.8835
1055.0000	0.8832
1056.0000	0.8827
1057.0000	0.8824
1058.0000	0.8819
1059.0000	0.8813
1060.0000	0.8810
1061.0000	0.8805
1062.0000	0.8802
1063.0000	0.8797
1064.0000	0.8793
1065.0000	0.8788
1066.0000	0.8785
1067.0000	0.8780
1068.0000	0.8776
1069.0000	0.8771
1070.0000	0.8768
1071.0000	0.8763
1072.0000	0.8760
1073.0000	0.8754
1074.0000	0.8749
1075.0000	0.8746
1076.0000	0.8741
1077.0000	0.8738
1078.0000	0.8733
1079.0000	0.8729
1080.0000	0.8724
1081.0000	0.8721
1082.0000	0.8716
1083.0000	0.8712
1084.0000	0.8709
1085.0000	0.8704
1086.0000	0.8701
1087.0000	0.8695
1088.0000	0.8692
1089.0000	0.8687
1090.0000	0.8684
1091.0000	0.8679
1092.0000	0.8675
1093.0000	0.8670
1094.0000	0.8667
1095.0000	0.8662
1096.0000	0.8658
1097.0000	0.8653
1098.0000	0.8650
1099.0000	0.8647
1100.0000	0.8642
1101.0000	0.8638
1102.0000	0.8633
1103.0000	0.8630
1104.0000	0.8625
1105.0000	0.8621
1106.0000	0.8618
1107.0000	0.8613
1108.0000	0.8610
1109.0000	0.8604
1110.0000	0.8601
1111.0000	0.8596
1112.0000	0.8593
1113.0000	0.8589
1114.0000	0.8584
1115.0000	0.8581
1116.0000	0.8576
1117.0000	0.8572
1118.0000	0.8569
1119.0000	0.8564
1120.0000	0.8561
1121.0000	0.8556
1122.0000	0.8552
1123.0000	0.8549
1124.0000	0.8544
1125.0000	0.8540
1126.0000	0.8535
1127.0000	0.8532
1128.0000	0.8529
1129.0000	0.8524
1130.0000	0.8520
1131.0000	0.8517
1132.0000	0.8512
1133.0000	0.8508
1134.0000	0.8505
1135.0000	0.8500
1136.0000	0.8497
1137.0000	0.8492
1138.0000	0.8488
1139.0000	0.8485
1140.0000	0.8480
1141.0000	0.8476
1142.0000	0.8473
1143.0000	0.8468
1144.0000	0.8465
1145.0000	0.8461
1146.0000	0.8456
1147.0000	0.8453
1148.0000	0.8449
1149.0000	0.8444
1150.0000	0.8441
1151.0000	0.8438
1152.0000	0.8433
1153.0000	0.8429
1154.0000	0.8426
1155.0000	0.8422
1156.0000	0.8417
1157.0000	0.8414
1158.0000	0.8411
1159.0000	0.8406
1160.0000	0.8402
1161.0000	0.8399
1162.0000	0.8394
1163.0000	0.8390
1164.0000	0.8387
1165.0000	0.8384
1166.0000	0.8379
1167.0000	0.8375
1168.0000	0.8372
1169.0000	0.8367
1170.0000	0.8363
1171.0000	0.8360
1172.0000	0.8357
1173.0000	0.8352
1174.0000	0.8348
1175.0000	0.8345
1176.0000	0.8342
1177.0000	0.8336
1178.0000	0.8333
1179.0000	0.8330
1180.0000	0.8326
1181.0000	0.8321
1182.0000	0.8318
1183.0000	0.8315
1184.0000	0.8311
1185.0000	0.8306
1186.0000	0.8303
1187.0000	0.8299
1188.0000	0.8296
1189.0000	0.8291
1190.0000	0.8288
1191.0000	0.8284
1192.0000	0.8281
1193.0000	0.8277
1194.0000	0.8272
1195.0000	0.8269
1196.0000	0.8266
1197.0000	0.8262
1198.0000	0.8259
1199.0000	0.8254
1200.0000	0.8251
1201.0000	0.8247
1202.0000	0.8244
1203.0000	0.8240
1204.0000	0.8235
1205.0000	0.8232
1206.0000	0.8229
1207.0000	0.8225
1208.0000	0.8222
1209.0000	0.8217
1210.0000	0.8213
1211.0000	0.8210
1212.0000	0.8207
1213.0000	0.8203
1214.0000	0.8200
1215.0000	0.8195
1216.0000	0.8192
1217.0000	0.8188
1218.0000	0.8185
1219.0000	0.8181
1220.0000	0.8178
1221.0000	0.8173
1222.0000	0.8170
1223.0000	0.8166
1224.0000	0.8163
1225.0000	0.8160
1226.0000	0.8156
1227.0000	0.8153
1228.0000	0.8148
1229.0000	0.8144
1230.0000	0.8141
1231.0000	0.8138
1232.0000	0.8134
1233.0000	0.8131
1234.0000	0.8127
1235.0000	0.8124
1236.0000	0.8119
1237.0000	0.8116
1238.0000	0.8112
1239.0000	0.8109
1240.0000	0.8106
1241.0000	0.8102
1242.0000	0.8099
1243.0000	0.8095
1244.0000	0.8092
1245.0000	0.8087
1246.0000	0.8084
1247.0000	0.8080
1248.0000	0.8077
1249.0000	0.8074
1250.0000	0.8070
1251.0000	0.8067
1252.0000	0.8063
1253.0000	0.8060
1254.0000	0.8057
1255.0000	0.8053
1256.0000	0.8048
1257.0000	0.8045
1258.0000	0.8042
1259.0000	0.8038
1260.0000	0.8035
1261.0000	0.8031
1262.0000	0.8028
1263.0000	0.8025
1264.0000	0.8021
1265.0000	0.8018
1266.0000	0.8015
1267.0000	0.8011
1268.0000	0.8008
1269.0000	0.8004
1270.0000	0.8001
1271.0000	0.7998
1272.0000	0.7994
1273.0000	0.7989
1274.0000	0.7986
1275.0000	0.7983
1276.0000	0.7979
1277.0000	0.7976
1278.0000	0.7972
1279.0000	0.7969
1280.0000	0.7966
1281.0000	0.7962
1282.0000	0.7959
1283.0000	0.7956
1284.0000	0.7952
1285.0000	0.7949
1286.0000	0.7945
1287.0000	0.7942
1288.0000	0.7939
1289.0000	0.7935
1290.0000	0.7932
1291.0000	0.7929
1292.0000	0.7925
1293.0000	0.7922
1294.0000	0.7918
1295.0000	0.7915
1296.0000	0.7912
1297.0000	0.7908
1298.0000	0.7905
1299.0000	0.7902
1300.0000	0.7898
1301.0000	0.7895
1302.0000	0.7892
1303.0000	0.7888
1304.0000	0.7885
1305.0000	0.7881
1306.0000	0.7878
1307.0000	0.7875
1308.0000	0.7873
1309.0000	0.7870
1310.0000	0.7866
1311.0000	0.7863
1312.0000	0.7859
1313.0000	0.7856
1314.0000	0.7853
1315.0000	0.7849
1316.0000	0.7846
1317.0000	0.7843
1318.0000	0.7839
1319.0000	0.7836
1320.0000	0.7833
1321.0000	0.7829
1322.0000	0.7826
1323.0000	0.7822
1324.0000	0.7819
1325.0000	0.7816
1326.0000	0.7814
1327.0000	0.7811
1328.0000	0.7807
1329.0000	0.7804
1330.0000	0.7800
1331.0000	0.7797
1332.0000	0.7794
1333.0000	0.7790
1334.0000	0.7787
1335.0000	0.7784
1336.0000	0.7780
1337.0000	0.7777
1338.0000	0.7775
1339.0000	0.7772
1340.0000	0.7768
1341.0000	0.7765
1342.0000	0.7762
1343.0000	0.7758
1344.0000	0.7755
1345.0000	0.7752
1346.0000	0.7748
1347.0000	0.7747
1348.0000	0.7743
1349.0000	0.7740
1350.0000	0.7736
1351.0000	0.7733
1352.0000	0.7730
1353.0000	0.7726
1354.0000	0.7723
1355.0000	0.7721
1356.0000	0.7718
1357.0000	0.7715
1358.0000	0.7711
1359.0000	0.7708
1360.0000	0.7704
1361.0000	0.7701
1362.0000	0.7699
1363.0000	0.7696
1364.0000	0.7693
1365.0000	0.7689
1366.0000	0.7686
1367.0000	0.7683
1368.0000	0.7679
1369.0000	0.7677
1370.0000	0.7674
1371.0000	0.7671
1372.0000	0.7667
1373.0000	0.7664
1374.0000	0.7661
1375.0000	0.7659
1376.0000	0.7656
1377.0000	0.7652
1378.0000	0.7649
1379.0000	0.7645
1380.0000	0.7644
1381.0000	0.7640
1382.0000	0.7637
1383.0000	0.7634
1384.0000	0.7630
1385.0000	0.7627
1386.0000	0.7625
1387.0000	0.7622
1388.0000	0.7618
1389.0000	0.7615
1390.0000	0.7612
1391.0000	0.7610
1392.0000	0.7607
1393.0000	0.7603
1394.0000	0.7600
1395.0000	0.7597
1396.0000	0.7595
1397.0000	0.7591
1398.0000	0.7588
1399.0000	0.7585
1400.0000	0.7583
1401.0000	0.7580
1402.0000	0.7576
1403.0000	0.7573
1404.0000	0.7570
1405.0000	0.7568
1406.0000	0.7565
1407.0000	0.7561
1408.0000	0.7558
1409.0000	0.7556
1410.0000	0.7553
1411.0000	0.7549
1412.0000	0.7546
1413.0000	0.7544
1414.0000	0.7541
1415.0000	0.7538
1416.0000	0.7534
1417.0000	0.7532
1418.0000	0.7529
1419.0000	0.7526
1420.0000	0.7522
1421.0000	0.7521
1422.0000	0.7517
1423.0000	0.7514
1424.0000	0.7511
1425.0000	0.7509
1426.0000	0.7506
1427.0000	0.7502
1428.0000	0.7500
1429.0000	0.7497
1430.0000	0.7494
1431.0000	0.7490
1432.0000	0.7489
1433.0000	0.7485
1434.0000	0.7482
1435.0000	0.7480
1436.0000	0.7477
1437.0000	0.7474
1438.0000	0.7470
1439.0000	0.7468
1440.0000	0.7465
1441.0000	0.7462
1442.0000	0.7460
1443.0000	0.7457
1444.0000	0.7453
1445.0000	0.7452
1446.0000	0.7448
1447.0000	0.7445
1448.0000	0.7441
1449.0000	0.7440
1450.0000	0.7436
1451.0000	0.7433
1452.0000	0.7431
1453.0000	0.7428
1454.0000	0.7425
1455.0000	0.7423
1456.0000	0.7420
1457.0000	0.7416
1458.0000	0.7415
1459.0000	0.7411
1460.0000	0.7408
1461.0000	0.7406
1462.0000	0.7403
1463.0000	0.7399
1464.0000	0.7398
1465.0000	0.7394
1466.0000	0.7391
1467.0000	0.7389
1468.0000	0.7386
1469.0000	0.7382
1470.0000	0.7381
1471.0000	0.7377
1472.0000	0.7376
1473.0000	0.7372
1474.0000	0.7369
1475.0000	0.7367
1476.0000	0.7364
1477.0000	0.7361
1478.0000	0.7359
1479.0000	0.7356
1480.0000	0.7352
1481.0000	0.7350
1482.0000	0.7347
1483.0000	0.7345
1484.0000	0.7342
1485.0000	0.7339
1486.0000	0.7337
1487.0000	0.7334
1488.0000	0.7330
1489.0000	0.7329
1490.0000	0.7325
1491.0000	0.7323
1492.0000	0.7320
1493.0000	0.7317
1494.0000	0.7315
1495.0000	0.7312
1496.0000	0.7310
1497.0000	0.7307
1498.0000	0.7303
1499.0000	0.7302
1500.0000	0.7298
1501.0000	0.7297
1502.0000	0.7293
1503.0000	0.7290
1504.0000	0.7288
1505.0000	0.7285
1506.0000	0.7283
1507.0000	0.7280
1508.0000	0.7278
1509.0000	0.7275
1510.0000	0.7271
1511.0000	0.7270
1512.0000	0.7266
1513.0000	0.7265
1514.0000	0.7261
1515.0000	0.7259
1516.0000	0.7256
1517.0000	0.7253
1518.0000	0.7251
1519.0000	0.7248
1520.0000	0.7246
1521.0000	0.7243
1522.0000	0.7241
1523.0000	0.7238
1524.0000	0.7236
1525.0000	0.7232
1526.0000	0.7229
1527.0000	0.7227
1528.0000	0.7224
1529.0000	0.7222
1530.0000	0.7219
1531.0000	0.7217
1532.0000	0.7214
1533.0000	0.7212
1534.0000	0.7209
1535.0000	0.7207
1536.0000	0.7204
1537.0000	0.7202
1538.0000	0.7199
1539.0000	0.7197
1540.0000	0.7194
1541.0000	0.7190
1542.0000	0.7189
1543.0000	0.7185
1544.0000	0.7184
1545.0000	0.7180
1546.0000	0.7179
1547.0000	0.7175
1548.0000	0.7173
1549.0000	0.7170
1550.0000	0.7168
1551.0000	0.7165
1552.0000	0.7163
1553.0000	0.7160
1554.0000	0.7158
1555.0000	0.7155
1556.0000	0.7153
1557.0000	0.7150
1558.0000	0.7148
1559.0000	0.7145
1560.0000	0.7143
1561.0000	0.7140
1562.0000	0.7138
1563.0000	0.7135
1564.0000	0.7133
1565.0000	0.7130
1566.0000	0.7128
1567.0000	0.7125
1568.0000	0.7123
1569.0000	0.7121
1570.0000	0.7118
1571.0000	0.7116
1572.0000	0.7113
1573.0000	0.7111
1574.0000	0.7108
1575.0000	0.7106
1576.0000	0.7103
1577.0000	0.7101
1578.0000	0.7098
1579.0000	0.7096
1580.0000	0.7093
1581.0000	0.7091
1582.0000	0.7089
1583.0000	0.7086
1584.0000	0.7084
1585.0000	0.7081
1586.0000	0.7079
1587.0000	0.7076
1588.0000	0.7074
1589.0000	0.7071
1590.0000	0.7069
1591.0000	0.7067
1592.0000	0.7064
1593.0000	0.7062
1594.0000	0.7059
1595.0000	0.7057
1596.0000	0.7054
1597.0000	0.7052
1598.0000	0.7050
1599.0000	0.7047
1600.0000	0.7045
1601.0000	0.7042
1602.0000	0.7040
1603.0000	0.7037
1604.0000	0.7035
1605.0000	0.7034
1606.0000	0.7030
1607.0000	0.7029
1608.0000	0.7025
1609.0000	0.7023
1610.0000	0.7022
1611.0000	0.7018
1612.0000	0.7017
1613.0000	0.7013
1614.0000	0.7012
1615.0000	0.7010
1616.0000	0.7007
1617.0000	0.7005
1618.0000	0.7002
1619.0000	0.7000
1620.0000	0.6998
1621.0000	0.6995
1622.0000	0.6993
1623.0000	0.6990
1624.0000	0.6988
1625.0000	0.6986
1626.0000	0.6983
1627.0000	0.6981
1628.0000	0.6978
1629.0000	0.6976
1630.0000	0.6975
1631.0000	0.6971
1632.0000	0.6970
1633.0000	0.6968
1634.0000	0.6964
1635.0000	0.6963
1636.0000	0.6959
1637.0000	0.6958
1638.0000	0.6956
1639.0000	0.6953
1640.0000	0.6951
1641.0000	0.6949
1642.0000	0.6946
1643.0000	0.6944
1644.0000	0.6943
1645.0000	0.6939
1646.0000	0.6938
1647.0000	0.6936
1648.0000	0.6932
1649.0000	0.6931
1650.0000	0.6929
1651.0000	0.6926
1652.0000	0.6924
1653.0000	0.6922
1654.0000	0.6919
1655.0000	0.6917
1656.0000	0.6916
1657.0000	0.6912
1658.0000	0.6911
1659.0000	0.6909
1660.0000	0.6905
1661.0000	0.6904
1662.0000	0.6902
1663.0000	0.6899
1664.0000	0.6897
1665.0000	0.6895
1666.0000	0.6892
1667.0000	0.6890
1668.0000	0.6889
1669.0000	0.6885
1670.0000	0.6884
1671.0000	0.6882
1672.0000	0.6879
1673.0000	0.6877
1674.0000	0.6875
1675.0000	0.6872
1676.0000	0.6870
1677.0000	0.6868
1678.0000	0.6867
1679.0000	0.6863
1680.0000	0.6862
1681.0000	0.6860
1682.0000	0.6857
1683.0000	0.6855
1684.0000	0.6853
1685.0000	0.6850
1686.0000	0.6848
1687.0000	0.6847
1688.0000	0.6845
1689.0000	0.6841
1690.0000	0.6840
1691.0000	0.6838
1692.0000	0.6835
1693.0000	0.6833
1694.0000	0.6831
1695.0000	0.6830
1696.0000	0.6826
1697.0000	0.6825
1698.0000	0.6823
1699.0000	0.6821
1700.0000	0.6818
1701.0000	0.6816
1702.0000	0.6814
1703.0000	0.6811
1704.0000	0.6809
1705.0000	0.6808
1706.0000	0.6806
1707.0000	0.6803
1708.0000	0.6801
1709.0000	0.6799
1710.0000	0.6798
1711.0000	0.6794
1712.0000	0.6793
1713.0000	0.6791
1714.0000	0.6789
1715.0000	0.6786
1716.0000	0.6784
1717.0000	0.6782
1718.0000	0.6781
1719.0000	0.6777
1720.0000	0.6776
1721.0000	0.6774
1722.0000	0.6772
1723.0000	0.6771
1724.0000	0.6767
1725.0000	0.6766
1726.0000	0.6764
1727.0000	0.6762
1728.0000	0.6759
1729.0000	0.6757
1730.0000	0.6755
1731.0000	0.6754
1732.0000	0.6750
1733.0000	0.6749
1734.0000	0.6747
1735.0000	0.6745
1736.0000	0.6744
1737.0000	0.6740
1738.0000	0.6739
1739.0000	0.6737
1740.0000	0.6735
1741.0000	0.6734
1742.0000	0.6730
1743.0000	0.6729
1744.0000	0.6727
1745.0000	0.6725
1746.0000	0.6723
1747.0000	0.6720
1748.0000	0.6718
1749.0000	0.6717
1750.0000	0.6715
1751.0000	0.6713
1752.0000	0.6710
1753.0000	0.6708
1754.0000	0.6707
1755.0000	0.6705
1756.0000	0.6703
1757.0000	0.6700
1758.0000	0.6698
1759.0000	0.6696
1760.0000	0.6695
1761.0000	0.6693
1762.0000	0.6691
1763.0000	0.6688
1764.0000	0.6686
1765.0000	0.6685
1766.0000	0.6683
1767.0000	0.6681
1768.0000	0.6678
1769.0000	0.6676
1770.0000	0.6675
1771.0000	0.6673
1772.0000	0.6671
1773.0000	0.6670
1774.0000	0.6666
1775.0000	0.6664
1776.0000	0.6663
1777.0000	0.6661
1778.0000	0.6659
1779.0000	0.6658
1780.0000	0.6656
1781.0000	0.6653
1782.0000	0.6651
1783.0000	0.6649
1784.0000	0.6648
1785.0000	0.6646
1786.0000	0.6644
1787.0000	0.6643
1788.0000	0.6639
1789.0000	0.6637
1790.0000	0.6636
1791.0000	0.6634
1792.0000	0.6632
1793.0000	0.6631
1794.0000	0.6629
1795.0000	0.6626
1796.0000	0.6624
1797.0000	0.6622
1798.0000	0.6621
1799.0000	0.6619
1800.0000	0.6617
1801.0000	0.6616
1802.0000	0.6614
1803.0000	0.6611
1804.0000	0.6609
1805.0000	0.6607
1806.0000	0.6605
1807.0000	0.6604
1808.0000	0.6602
1809.0000	0.6600
1810.0000	0.6599
1811.0000	0.6595
1812.0000	0.6594
1813.0000	0.6592
1814.0000	0.6590
1815.0000	0.6589
1816.0000	0.6587
1817.0000	0.6585
1818.0000	0.6584
1819.0000	0.6582
1820.0000	0.6580
1821.0000	0.6577
1822.0000	0.6575
1823.0000	0.6573
1824.0000	0.6572
1825.0000	0.6570
1826.0000	0.6568
1827.0000	0.6567
1828.0000	0.6565
1829.0000	0.6563
1830.0000	0.6562
1831.0000	0.6560
1832.0000	0.6557
1833.0000	0.6555
1834.0000	0.6553
1835.0000	0.6552
1836.0000	0.6550
1837.0000	0.6548
1838.0000	0.6546
1839.0000	0.6545
1840.0000	0.6543
1841.0000	0.6541
1842.0000	0.6540
1843.0000	0.6538
1844.0000	0.6536
1845.0000	0.6535
1846.0000	0.6531
1847.0000	0.6530
1848.0000	0.6528
1849.0000	0.6526
1850.0000	0.6525
1851.0000	0.6523
1852.0000	0.6521
1853.0000	0.6520
1854.0000	0.6518
1855.0000	0.6516
1856.0000	0.6514
1857.0000	0.6513
1858.0000	0.6511
1859.0000	0.6509
1860.0000	0.6508
1861.0000	0.6506
1862.0000	0.6504
1863.0000	0.6503
1864.0000	0.6501
1865.0000	0.6498
1866.0000	0.6496
1867.0000	0.6494
1868.0000	0.6493
1869.0000	0.6491
1870.0000	0.6489
1871.0000	0.6487
1872.0000	0.6486
1873.0000	0.6484
1874.0000	0.6482
1875.0000	0.6481
1876.0000	0.6479
1877.0000	0.6477
1878.0000	0.6476
1879.0000	0.6474
1880.0000	0.6472
1881.0000	0.6471
1882.0000	0.6469
1883.0000	0.6467
1884.0000	0.6466
1885.0000	0.6464
1886.0000	0.6462
1887.0000	0.6461
1888.0000	0.6459
1889.0000	0.6457
1890.0000	0.6455
1891.0000	0.6454
1892.0000	0.6452
1893.0000	0.6450
1894.0000	0.6449
1895.0000	0.6447
1896.0000	0.6445
1897.0000	0.6444
1898.0000	0.6442
1899.0000	0.6440
1900.0000	0.6439
1901.0000	0.6437
1902.0000	0.6435
1903.0000	0.6434
1904.0000	0.6432
1905.0000	0.6430
1906.0000	0.6428
1907.0000	0.6427
1908.0000	0.6425
1909.0000	0.6423
1910.0000	0.6422
1911.0000	0.6420
1912.0000	0.6418
1913.0000	0.6417
1914.0000	0.6415
1915.0000	0.6413
1916.0000	0.6412
1917.0000	0.6410
1918.0000	0.6408
1919.0000	0.6407
1920.0000	0.6405
1921.0000	0.6403
1922.0000	0.6402
1923.0000	0.6400
1924.0000	0.6398
1925.0000	0.6396
1926.0000	0.6395
1927.0000	0.6393
1928.0000	0.6393
1929.0000	0.6391
1930.0000	0.6390
1931.0000	0.6388
1932.0000	0.6386
1933.0000	0.6385
1934.0000	0.6383
1935.0000	0.6381
1936.0000	0.6380
1937.0000	0.6378
1938.0000	0.6376
1939.0000	0.6375
1940.0000	0.6373
1941.0000	0.6371
1942.0000	0.6370
1943.0000	0.6368
1944.0000	0.6366
1945.0000	0.6364
1946.0000	0.6363
1947.0000	0.6361
1948.0000	0.6361
1949.0000	0.6359
1950.0000	0.6358
1951.0000	0.6356
1952.0000	0.6354
1953.0000	0.6353
1954.0000	0.6351
1955.0000	0.6349
1956.0000	0.6348
1957.0000	0.6346
1958.0000	0.6344
1959.0000	0.6343
1960.0000	0.6341
1961.0000	0.6339
1962.0000	0.6339
1963.0000	0.6337
1964.0000	0.6336
1965.0000	0.6334
1966.0000	0.6332
1967.0000	0.6331
1968.0000	0.6329
1969.0000	0.6327
1970.0000	0.6326
1971.0000	0.6324
1972.0000	0.6322
1973.0000	0.6321
1974.0000	0.6321
1975.0000	0.6319
1976.0000	0.6317
1977.0000	0.6316
1978.0000	0.6314
1979.0000	0.6312
1980.0000	0.6311
1981.0000	0.6309
1982.0000	0.6307
1983.0000	0.6305
1984.0000	0.6305
1985.0000	0.6304
1986.0000	0.6302
1987.0000	0.6300
1988.0000	0.6299
1989.0000	0.6297
1990.0000	0.6295
1991.0000	0.6294
1992.0000	0.6292
1993.0000	0.6292
1994.0000	0.6290
1995.0000	0.6289
1996.0000	0.6287
1997.0000	0.6285
1998.0000	0.6284
1999.0000	0.6282
2000.0000	0.6280
2001.0000	0.6280
2002.0000	0.6278
2003.0000	0.6277
2004.0000	0.6275
2005.0000	0.6273
2006.0000	0.6272
2007.0000	0.6270
2008.0000	0.6268
2009.0000	0.6268
2010.0000	0.6267
2011.0000	0.6265
2012.0000	0.6263
2013.0000	0.6262
2014.0000	0.6260
2015.0000	0.6258
2016.0000	0.6258
2017.0000	0.6257
2018.0000	0.6255
2019.0000	0.6253
2020.0000	0.6252
2021.0000	0.6250
2022.0000	0.6248
2023.0000	0.6248
2024.0000	0.6246
2025.0000	0.6245
2026.0000	0.6243
2027.0000	0.6241
2028.0000	0.6240
2029.0000	0.6240
2030.0000	0.6238
2031.0000	0.6236
2032.0000	0.6235
2033.0000	0.6233
2034.0000	0.6231
2035.0000	0.6230
2036.0000	0.6230
2037.0000	0.6228
2038.0000	0.6226
2039.0000	0.6225
2040.0000	0.6223
2041.0000	0.6221
2042.0000	0.6221
2043.0000	0.6219
2044.0000	0.6218
2045.0000	0.6216
2046.0000	0.6214
2047.0000	0.6214
2048.0000	0.6213
2049.0000	0.6211
2050.0000	0.6209
2051.0000	0.6208
2052.0000	0.6206
2053.0000	0.6206
2054.0000	0.6204
2055.0000	0.6203
2056.0000	0.6201
2057.0000	0.6199
2058.0000	0.6199
2059.0000	0.6198
2060.0000	0.6196
2061.0000	0.6194
2062.0000	0.6193
2063.0000	0.6193
2064.0000	0.6191
2065.0000	0.6189
2066.0000	0.6187
2067.0000	0.6186
2068.0000	0.6184
2069.0000	0.6184
2070.0000	0.6182
2071.0000	0.6181
2072.0000	0.6179
2073.0000	0.6179
2074.0000	0.6177
2075.0000	0.6176
2076.0000	0.6174
2077.0000	0.6172
2078.0000	0.6172
2079.0000	0.6171
2080.0000	0.6169
2081.0000	0.6167
2082.0000	0.6166
2083.0000	0.6166
2084.0000	0.6164
2085.0000	0.6162
2086.0000	0.6161
2087.0000	0.6159
2088.0000	0.6159
2089.0000	0.6157
2090.0000	0.6155
2091.0000	0.6154
2092.0000	0.6154
2093.0000	0.6152
2094.0000	0.6150
2095.0000	0.6149
2096.0000	0.6149
2097.0000	0.6147
2098.0000	0.6145
2099.0000	0.6144
2100.0000	0.6142
2101.0000	0.6142
2102.0000	0.6140
2103.0000	0.6139
2104.0000	0.6137
2105.0000	0.6137
2106.0000	0.6135
2107.0000	0.6134
2108.0000	0.6132
2109.0000	0.6132
2110.0000	0.6130
2111.0000	0.6128
2112.0000	0.6127
2113.0000	0.6127
2114.0000	0.6125
2115.0000	0.6123
2116.0000	0.6122
2117.0000	0.6122
2118.0000	0.6120
2119.0000	0.6118
2120.0000	0.6117
2121.0000	0.6117
2122.0000	0.6115
2123.0000	0.6113
2124.0000	0.6112
2125.0000	0.6112
2126.0000	0.6110
2127.0000	0.6108
2128.0000	0.6107
2129.0000	0.6107
2130.0000	0.6105
2131.0000	0.6103
2132.0000	0.6102
2133.0000	0.6102
2134.0000	0.6100
2135.0000	0.6098
2136.0000	0.6098
2137.0000	0.6096
2138.0000	0.6095
2139.0000	0.6093
2140.0000	0.6093
2141.0000	0.6091
2142.0000	0.6090
2143.0000	0.6088
2144.0000	0.6088
2145.0000	0.6086
2146.0000	0.6085
2147.0000	0.6085
2148.0000	0.6083
2149.0000	0.6081
2150.0000	0.6080
2151.0000	0.6080
2152.0000	0.6078
2153.0000	0.6076
2154.0000	0.6076
2155.0000	0.6075
2156.0000	0.6073
2157.0000	0.6071
2158.0000	0.6071
2159.0000	0.6069
2160.0000	0.6068
2161.0000	0.6068
2162.0000	0.6066
2163.0000	0.6064
2164.0000	0.6064
2165.0000	0.6063
2166.0000	0.6061
2167.0000	0.6059
2168.0000	0.6059
2169.0000	0.6058
2170.0000	0.6056
2171.0000	0.6056
2172.0000	0.6054
2173.0000	0.6053
2174.0000	0.6053
2175.0000	0.6051
2176.0000	0.6049
2177.0000	0.6048
2178.0000	0.6048
2179.0000	0.6046
2180.0000	0.6044
2181.0000	0.6044
2182.0000	0.6043
2183.0000	0.6041
2184.0000	0.6041
2185.0000	0.6039
2186.0000	0.6037
2187.0000	0.6037
2188.0000	0.6036
2189.0000	0.6034
2190.0000	0.6034
2191.0000	0.6032
2192.0000	0.6031
2193.0000	0.6031
2194.0000	0.6029
2195.0000	0.6027
2196.0000	0.6027
2197.0000	0.6026
2198.0000	0.6024
2199.0000	0.6024
2200.0000	0.6022
2201.0000	0.6021
2202.0000	0.6021
2203.0000	0.6019
2204.0000	0.6017
2205.0000	0.6017
2206.0000	0.6016
2207.0000	0.6014
2208.0000	0.6014
2209.0000	0.6012
2210.0000	0.6010
2211.0000	0.6010
2212.0000	0.6009
2213.0000	0.6007
2214.0000	0.6007
2215.0000	0.6005
2216.0000	0.6004
2217.0000	0.6004
2218.0000	0.6002
2219.0000	0.6000
2220.0000	0.6000
2221.0000	0.5999
2222.0000	0.5999
2223.0000	0.5997
2224.0000	0.5995
2225.0000	0.5995
2226.0000	0.5994
2227.0000	0.5992
2228.0000	0.5992
2229.0000	0.5990
2230.0000	0.5989
2231.0000	0.5989
2232.0000	0.5987
2233.0000	0.5985
2234.0000	0.5985
2235.0000	0.5984
2236.0000	0.5984
2237.0000	0.5982
2238.0000	0.5980
2239.0000	0.5980
2240.0000	0.5978
2241.0000	0.5977
2242.0000	0.5977
2243.0000	0.5975
2244.0000	0.5975
2245.0000	0.5973
2246.0000	0.5972
2247.0000	0.5972
2248.0000	0.5970
2249.0000	0.5968
2250.0000	0.5968
2251.0000	0.5967
2252.0000	0.5967
2253.0000	0.5965
2254.0000	0.5963
2255.0000	0.5963
2256.0000	0.5962
2257.0000	0.5962
2258.0000	0.5960
2259.0000	0.5958
2260.0000	0.5958
2261.0000	0.5957
2262.0000	0.5955
2263.0000	0.5955
2264.0000	0.5953
2265.0000	0.5953
2266.0000	0.5952
2267.0000	0.5950
2268.0000	0.5950
2269.0000	0.5948
2270.0000	0.5948
2271.0000	0.5946
2272.0000	0.5945
2273.0000	0.5945
2274.0000	0.5943
2275.0000	0.5943
2276.0000	0.5941
2277.0000	0.5940
2278.0000	0.5940
2279.0000	0.5938
2280.0000	0.5938
2281.0000	0.5936
2282.0000	0.5935
2283.0000	0.5935
2284.0000	0.5933
2285.0000	0.5933
2286.0000	0.5931
2287.0000	0.5931
2288.0000	0.5930
2289.0000	0.5928
2290.0000	0.5928
2291.0000	0.5926
2292.0000	0.5926
2293.0000	0.5925
2294.0000	0.5923
2295.0000	0.5923
2296.0000	0.5921
2297.0000	0.5921
2298.0000	0.5919
2299.0000	0.5919
2300.0000	0.5918
2301.0000	0.5916
2302.0000	0.5916
2303.0000	0.5914
2304.0000	0.5914
2305.0000	0.5913
2306.0000	0.5913
2307.0000	0.5911
2308.0000	0.5909
2309.0000	0.5909
2310.0000	0.5908
2311.0000	0.5908
2312.0000	0.5906
2313.0000	0.5906
2314.0000	0.5904
2315.0000	0.5904
2316.0000	0.5903
2317.0000	0.5901
2318.0000	0.5901
2319.0000	0.5899
2320.0000	0.5899
2321.0000	0.5898
2322.0000	0.5898
2323.0000	0.5896
2324.0000	0.5896
2325.0000	0.5894
2326.0000	0.5893
2327.0000	0.5893
2328.0000	0.5891
2329.0000	0.5891
2330.0000	0.5889
2331.0000	0.5889
2332.0000	0.5887
2333.0000	0.5887
2334.0000	0.5886
2335.0000	0.5884
2336.0000	0.5884
2337.0000	0.5882
2338.0000	0.5882
2339.0000	0.5881
2340.0000	0.5881
2341.0000	0.5879
2342.0000	0.5879
2343.0000	0.5877
2344.0000	0.5877
2345.0000	0.5876
2346.0000	0.5876
2347.0000	0.5874
2348.0000	0.5872
2349.0000	0.5872
2350.0000	0.5871
2351.0000	0.5871
2352.0000	0.5869
2353.0000	0.5869
2354.0000	0.5867
2355.0000	0.5867
2356.0000	0.5866
2357.0000	0.5866
2358.0000	0.5864
2359.0000	0.5864
2360.0000	0.5862
2361.0000	0.5862
2362.0000	0.5860
2363.0000	0.5860
2364.0000	0.5859
2365.0000	0.5859
2366.0000	0.5857
2367.0000	0.5857
2368.0000	0.5855
2369.0000	0.5855
2370.0000	0.5854
2371.0000	0.5852
2372.0000	0.5852
2373.0000	0.5850
2374.0000	0.5850
2375.0000	0.5849
2376.0000	0.5849
2377.0000	0.5847
2378.0000	0.5847
2379.0000	0.5845
2380.0000	0.5845
2381.0000	0.5844
2382.0000	0.5844
2383.0000	0.5842
2384.0000	0.5842
2385.0000	0.5840
2386.0000	0.5840
2387.0000	0.5839
2388.0000	0.5839
2389.0000	0.5837
2390.0000	0.5837
2391.0000	0.5835
2392.0000	0.5835
2393.0000	0.5834
2394.0000	0.5834
2395.0000	0.5832
2396.0000	0.5832
2397.0000	0.5830
2398.0000	0.5830
2399.0000	0.5828
2400.0000	0.5828
2401.0000	0.5827
2402.0000	0.5827
2403.0000	0.5825
2404.0000	0.5825
2405.0000	0.5825
2406.0000	0.5823
2407.0000	0.5823
2408.0000	0.5822
2409.0000	0.5822
2410.0000	0.5820
2411.0000	0.5820
2412.0000	0.5818
2413.0000	0.5818
2414.0000	0.5817
2415.0000	0.5817
2416.0000	0.5815
2417.0000	0.5815
2418.0000	0.5813
2419.0000	0.5813
2420.0000	0.5812
2421.0000	0.5812
2422.0000	0.5810
2423.0000	0.5810
2424.0000	0.5808
2425.0000	0.5808
2426.0000	0.5808
2427.0000	0.5807
2428.0000	0.5807
2429.0000	0.5805
2430.0000	0.5805
2431.0000	0.5803
2432.0000	0.5803
2433.0000	0.5801
2434.0000	0.5801
2435.0000	0.5800
2436.0000	0.5800
2437.0000	0.5798
2438.0000	0.5798
2439.0000	0.5796
2440.0000	0.5796
2441.0000	0.5796
2442.0000	0.5795
2443.0000	0.5795
2444.0000	0.5793
2445.0000	0.5793
2446.0000	0.5791
2447.0000	0.5791
2448.0000	0.5790
2449.0000	0.5790
2450.0000	0.5790
2451.0000	0.5788
2452.0000	0.5788
2453.0000	0.5786
2454.0000	0.5786
2455.0000	0.5785
2456.0000	0.5785
2457.0000	0.5783
2458.0000	0.5783
2459.0000	0.5781
2460.0000	0.5781
2461.0000	0.5781
2462.0000	0.5780
2463.0000	0.5780
2464.0000	0.5778
2465.0000	0.5778
2466.0000	0.5776
2467.0000	0.5776
2468.0000	0.5776
2469.0000	0.5775
2470.0000	0.5775
2471.0000	0.5773
2472.0000	0.5773
2473.0000	0.5771
2474.0000	0.5771
2475.0000	0.5771
2476.0000	0.5769
2477.0000	0.5769
2478.0000	0.5768
2479.0000	0.5768
2480.0000	0.5766
2481.0000	0.5766
2482.0000	0.5766
2483.0000	0.5764
2484.0000	0.5764
2485.0000	0.5763
2486.0000	0.5763
2487.0000	0.5761
2488.0000	0.5761
2489.0000	0.5761
2490.0000	0.5759
2491.0000	0.5759
2492.0000	0.5758
2493.0000	0.5758
2494.0000	0.5756
2495.0000	0.5756
2496.0000	0.5756
2497.0000	0.5754
2498.0000	0.5754
2499.0000	0.5753
2500.0000	0.5753
2501.0000	0.5753
2502.0000	0.5751
2503.0000	0.5751
2504.0000	0.5749
2505.0000	0.5749
2506.0000	0.5749
2507.0000	0.5748
2508.0000	0.5748
2509.0000	0.5746
2510.0000	0.5746
2511.0000	0.5746
2512.0000	0.5744
2513.0000	0.5744
2514.0000	0.5742
2515.0000	0.5742
2516.0000	0.5742
2517.0000	0.5741
2518.0000	0.5741
2519.0000	0.5739
2520.0000	0.5739
2521.0000	0.5739
2522.0000	0.5737
2523.0000	0.5737
2524.0000	0.5736
2525.0000	0.5736
2526.0000	0.5736
2527.0000	0.5734
2528.0000	0.5734
2529.0000	0.5732
2530.0000	0.5732
2531.0000	0.5732
2532.0000	0.5731
2533.0000	0.5731
2534.0000	0.5729
2535.0000	0.5729
2536.0000	0.5729
2537.0000	0.5727
2538.0000	0.5727
2539.0000	0.5727
2540.0000	0.5726
2541.0000	0.5726
2542.0000	0.5724
2543.0000	0.5724
2544.0000	0.5724
2545.0000	0.5722
2546.0000	0.5722
2547.0000	0.5721
2548.0000	0.5721
2549.0000	0.5721
2550.0000	0.5719
2551.0000	0.5719
2552.0000	0.5719
2553.0000	0.5717
2554.0000	0.5717
2555.0000	0.5716
2556.0000	0.5716
2557.0000	0.5716
2558.0000	0.5714
2559.0000	0.5714
2560.0000	0.5714
2561.0000	0.5712
2562.0000	0.5712
2563.0000	0.5712
2564.0000	0.5710
2565.0000	0.5710
2566.0000	0.5709
2567.0000	0.5709
2568.0000	0.5709
2569.0000	0.5707
2570.0000	0.5707
2571.0000	0.5707
2572.0000	0.5705
2573.0000	0.5705
2574.0000	0.5705
2575.0000	0.5704
2576.0000	0.5704
2577.0000	0.5702
2578.0000	0.5702
2579.0000	0.5702
2580.0000	0.5700
2581.0000	0.5700
2582.0000	0.5700
2583.0000	0.5699
2584.0000	0.5699
2585.0000	0.5699
2586.0000	0.5697
2587.0000	0.5697
2588.0000	0.5697
2589.0000	0.5695
2590.0000	0.5695
2591.0000	0.5695
2592.0000	0.5694
2593.0000	0.5694
2594.0000	0.5694
2595.0000	0.5692
2596.0000	0.5692
2597.0000	0.5692
2598.0000	0.5690
2599.0000	0.5690
2600.0000	0.5689
2601.0000	0.5689
2602.0000	0.5689
2603.0000	0.5687
2604.0000	0.5687
2605.0000	0.5687
2606.0000	0.5685
2607.0000	0.5685
2608.0000	0.5685
2609.0000	0.5684
2610.0000	0.5684
2611.0000	0.5684
2612.0000	0.5682
2613.0000	0.5682
2614.0000	0.5682
2615.0000	0.5680
2616.0000	0.5680
2617.0000	0.5680
2618.0000	0.5678
2619.0000	0.5678
2620.0000	0.5678
2621.0000	0.5678
2622.0000	0.5677
2623.0000	0.5677
2624.0000	0.5677
2625.0000	0.5675
2626.0000	0.5675
2627.0000	0.5675
2628.0000	0.5673
2629.0000	0.5673
2630.0000	0.5673
2631.0000	0.5672
2632.0000	0.5672
2633.0000	0.5672
2634.0000	0.5670
2635.0000	0.5670
2636.0000	0.5670
2637.0000	0.5668
2638.0000	0.5668
2639.0000	0.5668
2640.0000	0.5667
2641.0000	0.5667
2642.0000	0.5667
2643.0000	0.5665
2644.0000	0.5665
2645.0000	0.5665
2646.0000	0.5665
2647.0000	0.5663
2648.0000	0.5663
2649.0000	0.5663
2650.0000	0.5662
2651.0000	0.5662
2652.0000	0.5662
2653.0000	0.5660
2654.0000	0.5660
2655.0000	0.5660
2656.0000	0.5660
2657.0000	0.5658
2658.0000	0.5658
2659.0000	0.5658
2660.0000	0.5657
2661.0000	0.5657
2662.0000	0.5657
2663.0000	0.5655
2664.0000	0.5655
2665.0000	0.5655
2666.0000	0.5655
2667.0000	0.5653
2668.0000	0.5653
2669.0000	0.5653
2670.0000	0.5651
2671.0000	0.5651
2672.0000	0.5651
2673.0000	0.5650
2674.0000	0.5650
2675.0000	0.5650
2676.0000	0.5650
2677.0000	0.5648
2678.0000	0.5648
2679.0000	0.5648
2680.0000	0.5646
2681.0000	0.5646
2682.0000	0.5646
2683.0000	0.5646
2684.0000	0.5645
2685.0000	0.5645
2686.0000	0.5645
2687.0000	0.5643
2688.0000	0.5643
2689.0000	0.5643
2690.0000	0.5643
2691.0000	0.5641
2692.0000	0.5641
2693.0000	0.5641
2694.0000	0.5640
2695.0000	0.5640
2696.0000	0.5640
2697.0000	0.5640
2698.0000	0.5638
2699.0000	0.5638
2700.0000	0.5638
2701.0000	0.5638
2702.0000	0.5636
2703.0000	0.5636
2704.0000	0.5636
2705.0000	0.5635
2706.0000	0.5635
2707.0000	0.5635
2708.0000	0.5635
2709.0000	0.5633
2710.0000	0.5633
2711.0000	0.5633
2712.0000	0.5633
2713.0000	0.5631
2714.0000	0.5631
2715.0000	0.5631
2716.0000	0.5631
2717.0000	0.5630
2718.0000	0.5630
2719.0000	0.5630
2720.0000	0.5628
2721.0000	0.5628
2722.0000	0.5628
2723.0000	0.5628
2724.0000	0.5626
2725.0000	0.5626
2726.0000	0.5626
2727.0000	0.5626
2728.0000	0.5625
2729.0000	0.5625
2730.0000	0.5625
2731.0000	0.5625
2732.0000	0.5623
2733.0000	0.5623
2734.0000	0.5623
2735.0000	0.5623
2736.0000	0.5621
2737.0000	0.5621
2738.0000	0.5621
2739.0000	0.5621
2740.0000	0.5619
2741.0000	0.5619
2742.0000	0.5619
2743.0000	0.5619
2744.0000	0.5618
2745.0000	0.5618
2746.0000	0.5618
2747.0000	0.5618
2748.0000	0.5616
2749.0000	0.5616
2750.0000	0.5616
2751.0000	0.5616
2752.0000	0.5614
2753.0000	0.5614
2754.0000	0.5614
2755.0000	0.5614
2756.0000	0.5613
2757.0000	0.5613
2758.0000	0.5613
2759.0000	0.5613
2760.0000	0.5611
2761.0000	0.5611
2762.0000	0.5611
2763.0000	0.5611
2764.0000	0.5611
2765.0000	0.5609
2766.0000	0.5609
2767.0000	0.5609
2768.0000	0.5609
2769.0000	0.5608
2770.0000	0.5608
2771.0000	0.5608
2772.0000	0.5608
2773.0000	0.5606
2774.0000	0.5606
2775.0000	0.5606
2776.0000	0.5606
2777.0000	0.5606
2778.0000	0.5604
2779.0000	0.5604
2780.0000	0.5604
2781.0000	0.5604
2782.0000	0.5603
2783.0000	0.5603
2784.0000	0.5603
2785.0000	0.5603
2786.0000	0.5603
2787.0000	0.5601
2788.0000	0.5601
2789.0000	0.5601
2790.0000	0.5601
2791.0000	0.5599
2792.0000	0.5599
2793.0000	0.5599
2794.0000	0.5599
2795.0000	0.5599
2796.0000	0.5598
2797.0000	0.5598
2798.0000	0.5598
2799.0000	0.5598
2800.0000	0.5596
2801.0000	0.5596
2802.0000	0.5596
2803.0000	0.5596
2804.0000	0.5596
2805.0000	0.5594
2806.0000	0.5594
2807.0000	0.5594
2808.0000	0.5594
2809.0000	0.5594
2810.0000	0.5592
2811.0000	0.5592
2812.0000	0.5592
2813.0000	0.5592
2814.0000	0.5592
2815.0000	0.5591
2816.0000	0.5591
2817.0000	0.5591
2818.0000	0.5591
2819.0000	0.5591
2820.0000	0.5589
2821.0000	0.5589
2822.0000	0.5589
2823.0000	0.5589
2824.0000	0.5589
2825.0000	0.5587
2826.0000	0.5587
2827.0000	0.5587
2828.0000	0.5587
2829.0000	0.5587
2830.0000	0.5586
2831.0000	0.5586
2832.0000	0.5586
2833.0000	0.5586
2834.0000	0.5586
2835.0000	0.5584
2836.0000	0.5584
2837.0000	0.5584
2838.0000	0.5584
2839.0000	0.5584
2840.0000	0.5582
2841.0000	0.5582
2842.0000	0.5582
2843.0000	0.5582
2844.0000	0.5582
2845.0000	0.5581
2846.0000	0.5581
2847.0000	0.5581
2848.0000	0.5581
2849.0000	0.5581
2850.0000	0.5581
2851.0000	0.5579
2852.0000	0.5579
2853.0000	0.5579
2854.0000	0.5579
2855.0000	0.5579
2856.0000	0.5577
2857.0000	0.5577
2858.0000	0.5577
2859.0000	0.5577
2860.0000	0.5577
2861.0000	0.5577
2862.0000	0.5576
2863.0000	0.5576
2864.0000	0.5576
2865.0000	0.5576
2866.0000	0.5576
2867.0000	0.5574
2868.0000	0.5574
2869.0000	0.5574
2870.0000	0.5574
2871.0000	0.5574
2872.0000	0.5574
2873.0000	0.5572
2874.0000	0.5572
2875.0000	0.5572
2876.0000	0.5572
2877.0000	0.5572
2878.0000	0.5572
2879.0000	0.5571
2880.0000	0.5571
2881.0000	0.5571
2882.0000	0.5571
2883.0000	0.5571
2884.0000	0.5571
2885.0000	0.5569
2886.0000	0.5569
2887.0000	0.5569
2888.0000	0.5569
2889.0000	0.5569
2890.0000	0.5569
2891.0000	0.5567
2892.0000	0.5567
2893.0000	0.5567
2894.0000	0.5567
2895.0000	0.5567
2896.0000	0.5567
2897.0000	0.5566
2898.0000	0.5566
2899.0000	0.5566
2900.0000	0.5566
2901.0000	0.5566
2902.0000	0.5566
2903.0000	0.5564
2904.0000	0.5564
2905.0000	0.5564
2906.0000	0.5564
2907.0000	0.5564
2908.0000	0.5564
2909.0000	0.5564
2910.0000	0.5562
2911.0000	0.5562
2912.0000	0.5562
2913.0000	0.5562
2914.0000	0.5562
2915.0000	0.5562
2916.0000	0.5560
2917.0000	0.5560
2918.0000	0.5560
2919.0000	0.5560
2920.0000	0.5560
2921.0000	0.5560
2922.0000	0.5560
2923.0000	0.5559
2924.0000	0.5559
2925.0000	0.5559
2926.0000	0.5559
2927.0000	0.5559
2928.0000	0.5559
2929.0000	0.5559
2930.0000	0.5557
2931.0000	0.5557
2932.0000	0.5557
2933.0000	0.5557
2934.0000	0.5557
2935.0000	0.5557
2936.0000	0.5557
2937.0000	0.5555
2938.0000	0.5555
2939.0000	0.5555
2940.0000	0.5555
2941.0000	0.5555
2942.0000	0.5555
2943.0000	0.5555
2944.0000	0.5555
2945.0000	0.5554
2946.0000	0.5554
2947.0000	0.5554
2948.0000	0.5554
2949.0000	0.5554
2950.0000	0.5554
2951.0000	0.5554
2952.0000	0.5552
2953.0000	0.5552
2954.0000	0.5552
2955.0000	0.5552
2956.0000	0.5552
2957.0000	0.5552
2958.0000	0.5552
2959.0000	0.5552
2960.0000	0.5550
2961.0000	0.5550
2962.0000	0.5550
2963.0000	0.5550
2964.0000	0.5550
2965.0000	0.5550
2966.0000	0.5550
2967.0000	0.5550
2968.0000	0.5549
2969.0000	0.5549
2970.0000	0.5549
2971.0000	0.5549
2972.0000	0.5549
2973.0000	0.5549
2974.0000	0.5549
2975.0000	0.5549
2976.0000	0.5547
2977.0000	0.5547
2978.0000	0.5547
2979.0000	0.5547
2980.0000	0.5547
2981.0000	0.5547
2982.0000	0.5547
2983.0000	0.5547
2984.0000	0.5547
2985.0000	0.5545
2986.0000	0.5545
2987.0000	0.5545
2988.0000	0.5545
2989.0000	0.5545
2990.0000	0.5545
2991.0000	0.5545
2992.0000	0.5545
2993.0000	0.5545
2994.0000	0.5544
2995.0000	0.5544
2996.0000	0.5544
2997.0000	0.5544
2998.0000	0.5544
2999.0000	0.5544
3000.0000	0.5544
3001.0000	0.5544
3002.0000	0.5544
3003.0000	0.5542
3004.0000	0.5542
3005.0000	0.5542
3006.0000	0.5542
3007.0000	0.5542
3008.0000	0.5542
3009.0000	0.5542
3010.0000	0.5542
3011.0000	0.5542
3012.0000	0.5542
3013.0000	0.5540
3014.0000	0.5540
3015.0000	0.5540
3016.0000	0.5540
3017.0000	0.5540
3018.0000	0.5540
3019.0000	0.5540
3020.0000	0.5540
3021.0000	0.5540
3022.0000	0.5540
3023.0000	0.5539
3024.0000	0.5539
3025.0000	0.5539
3026.0000	0.5539
3027.0000	0.5539
3028.0000	0.5539
3029.0000	0.5539
3030.0000	0.5539
3031.0000	0.5539
3032.0000	0.5539
3033.0000	0.5539
3034.0000	0.5537
3035.0000	0.5537
3036.0000	0.5537
3037.0000	0.5537
3038.0000	0.5537
3039.0000	0.5537
3040.0000	0.5537
3041.0000	0.5537
3042.0000	0.5537
3043.0000	0.5537
3044.0000	0.5537
3045.0000	0.5535
3046.0000	0.5535
3047.0000	0.5535
3048.0000	0.5535
3049.0000	0.5535
3050.0000	0.5535
3051.0000	0.5535
3052.0000	0.5535
3053.0000	0.5535
3054.0000	0.5535
3055.0000	0.5535
3056.0000	0.5535
3057.0000	0.5533
3058.0000	0.5533
3059.0000	0.5533
3060.0000	0.5533
3061.0000	0.5533
3062.0000	0.5533
3063.0000	0.5533
3064.0000	0.5533
3065.0000	0.5533
3066.0000	0.5533
3067.0000	0.5533
3068.0000	0.5533
3069.0000	0.5533
3070.0000	0.5532
3071.0000	0.5532
3072.0000	0.5532
3073.0000	0.5532
3074.0000	0.5532
3075.0000	0.5532
3076.0000	0.5532
3077.0000	0.5532
3078.0000	0.5532
3079.0000	0.5532
3080.0000	0.5532
3081.0000	0.5532
3082.0000	0.5532
3083.0000	0.5532
3084.0000	0.5532
3085.0000	0.5530
3086.0000	0.5530
3087.0000	0.5530
3088.0000	0.5530
3089.0000	0.5530
3090.0000	0.5530
3091.0000	0.5530
3092.0000	0.5530
3093.0000	0.5530
3094.0000	0.5530
3095.0000	0.5530
3096.0000	0.5530
3097.0000	0.5530
3098.0000	0.5530
3099.0000	0.5530
3100.0000	0.5530
3101.0000	0.5528
3102.0000	0.5528
3103.0000	0.5528
3104.0000	0.5528
3105.0000	0.5528
3106.0000	0.5528
3107.0000	0.5528
3108.0000	0.5528
3109.0000	0.5528
3110.0000	0.5528
3111.0000	0.5528
3112.0000	0.5528
3113.0000	0.5528
3114.0000	0.5528
3115.0000	0.5528
3116.0000	0.5528
3117.0000	0.5528
3118.0000	0.5528
3119.0000	0.5527
3120.0000	0.5527
3121.0000	0.5527
3122.0000	0.5527
3123.0000	0.5527
3124.0000	0.5527
3125.0000	0.5527
3126.0000	0.5527
3127.0000	0.5527
3128.0000	0.5527
3129.0000	0.5527
3130.0000	0.5527
3131.0000	0.5527
3132.0000	0.5527
3133.0000	0.5527
3134.0000	0.5527
3135.0000	0.5527
3136.0000	0.5527
3137.0000	0.5527
3138.0000	0.5527
3139.0000	0.5527
3140.0000	0.5527
3141.0000	0.5525
3142.0000	0.5525
3143.0000	0.5525
3144.0000	0.5525
3145.0000	0.5525
3146.0000	0.5525
3147.0000	0.5525
3148.0000	0.5525
3149.0000	0.5525
3150.0000	0.5525
3151.0000	0.5525
3152.0000	0.5525
3153.0000	0.5525
3154.0000	0.5525
3155.0000	0.5525
3156.0000	0.5525
3157.0000	0.5525
3158.0000	0.5525
3159.0000	0.5525
3160.0000	0.5525
3161.0000	0.5525
3162.0000	0.5525
3163.0000	0.5525
3164.0000	0.5525
3165.0000	0.5525
3166.0000	0.5525
3167.0000	0.5525
3168.0000	0.5525
3169.0000	0.5525
3170.0000	0.5523
3171.0000	0.5523
3172.0000	0.5523
3173.0000	0.5523
3174.0000	0.5523
3175.0000	0.5523
3176.0000	0.5523
3177.0000	0.5523
3178.0000	0.5523
3179.0000	0.5523
3180.0000	0.5523
3181.0000	0.5523
3182.0000	0.5523
3183.0000	0.5523
3184.0000	0.5523
3185.0000	0.5523
3186.0000	0.5523
3187.0000	0.5523
3188.0000	0.5523
3189.0000	0.5523
3190.0000	0.5523
3191.0000	0.5523
3192.0000	0.5523
3193.0000	0.5523
3194.0000	0.5523
3195.0000	0.5523
3196.0000	0.5523
3197.0000	0.5523
3198.0000	0.5523
3199.0000	0.5523
3200.0000	0.5523
3201.0000	0.5523
3202.0000	0.5523
3203.0000	0.5523
3204.0000	0.5523
3205.0000	0.5523
3206.0000	0.5523
3207.0000	0.5523
3208.0000	0.5523
3209.0000	0.5523
3210.0000	0.5523
3211.0000	0.5523
3212.0000	0.5523
3213.0000	0.5523
3214.0000	0.5523
3215.0000	0.5523
3216.0000	0.5523
3217.0000	0.5523
3218.0000	0.5523
3219.0000	0.5523
3220.0000	0.5523
3221.0000	0.5523
3222.0000	0.5523
3223.0000	0.5523
3224.0000	0.5523
3225.0000	0.5523
3226.0000	0.5523
3227.0000	0.5523
3228.0000	0.5523
3229.0000	0.5523
3230.0000	0.5523
3231.0000	0.5523
3232.0000	0.5523
3233.0000	0.5523
3234.0000	0.5523
3235.0000	0.5523
3236.0000	0.5523
3237.0000	0.5523
3238.0000	0.5523
3239.0000	0.5523
3240.0000	0.5523
3241.0000	0.5523
3242.0000	0.5523
3243.0000	0.5523
3244.0000	0.5523
3245.0000	0.5523
3246.0000	0.5523
3247.0000	0.5523
3248.0000	0.5523
3249.0000	0.5523
3250.0000	0.5523
3251.0000	0.5523
3252.0000	0.5523
3253.0000	0.5523
3254.0000	0.5523
3255.0000	0.5523
3256.0000	0.5523
3257.0000	0.5523
3258.0000	0.5523
3259.0000	0.5523
3260.0000	0.5523
3261.0000	0.5523
3262.0000	0.5523
3263.0000	0.5523
3264.0000	0.5523
3265.0000	0.5523
3266.0000	0.5523
3267.0000	0.5523
3268.0000	0.5523
3269.0000	0.5523
3270.0000	0.5523
3271.0000	0.5523
3272.0000	0.5523
3273.0000	0.5523
3274.0000	0.5523
3275.0000	0.5523
3276.0000	0.5523
3277.0000	0.5523
3278.0000	0.5523
3279.0000	0.5523
3280.0000	0.5523
3281.0000	0.5523
3282.0000	0.5523
3283.0000	0.5523
3284.0000	0.5523
3285.0000	0.5523
3286.0000	0.5523
3287.0000	0.5523
3288.0000	0.5523
3289.0000	0.5523
3290.0000	0.5523
3291.0000	0.5523
3292.0000	0.5523
3293.0000	0.5523
3294.0000	0.5523
3295.0000	0.5523
3296.0000	0.5523
3297.0000	0.5523
3298.0000	0.5523
3299.0000	0.5523
3300.0000	0.5523
3301.0000	0.5523
3302.0000	0.5523
3303.0000	0.5523
3304.0000	0.5523
3305.0000	0.5525
3306.0000	0.5525
3307.0000	0.5525
3308.0000	0.5525
3309.0000	0.5525
3310.0000	0.5525
3311.0000	0.5525
3312.0000	0.5525
3313.0000	0.5525
3314.0000	0.5525
3315.0000	0.5525
3316.0000	0.5525
3317.0000	0.5525
3318.0000	0.5525
3319.0000	0.5525
3320.0000	0.5525
3321.0000	0.5525
3322.0000	0.5525
3323.0000	0.5525
3324.0000	0.5525
3325.0000	0.5525
3326.0000	0.5525
3327.0000	0.5525
3328.0000	0.5525
3329.0000	0.5525
3330.0000	0.5525
3331.0000	0.5525
3332.0000	0.5525
3333.0000	0.5525
3334.0000	0.5525
3335.0000	0.5525
3336.0000	0.5527
3337.0000	0.5527
3338.0000	0.5527
3339.0000	0.5527
3340.0000	0.5527
3341.0000	0.5527
3342.0000	0.5527
3343.0000	0.5527
3344.0000	0.5527
3345.0000	0.5527
3346.0000	0.5527
3347.0000	0.5527
3348.0000	0.5527
3349.0000	0.5527
3350.0000	0.5527
3351.0000	0.5527
3352.0000	0.5527
3353.0000	0.5527
3354.0000	0.5527
3355.0000	0.5527
3356.0000	0.5527
3357.0000	0.5527
3358.0000	0.5527
3359.0000	0.5528
3360.0000	0.5528
3361.0000	0.5528
3362.0000	0.5528
3363.0000	0.5528
3364.0000	0.5528
3365.0000	0.5528
3366.0000	0.5528
3367.0000	0.5528
3368.0000	0.5528
3369.0000	0.5528
3370.0000	0.5528
3371.0000	0.5528
3372.0000	0.5528
3373.0000	0.5528
3374.0000	0.5528
3375.0000	0.5528
3376.0000	0.5528
3377.0000	0.5528
3378.0000	0.5530
3379.0000	0.5530
3380.0000	0.5530
3381.0000	0.5530
3382.0000	0.5530
3383.0000	0.5530
3384.0000	0.5530
3385.0000	0.5530
3386.0000	0.5530
3387.0000	0.5530
3388.0000	0.5530
3389.0000	0.5530
3390.0000	0.5530
3391.0000	0.5530
3392.0000	0.5530
3393.0000	0.5530
3394.0000	0.5530
3395.0000	0.5532
3396.0000	0.5532
3397.0000	0.5532
3398.0000	0.5532
3399.0000	0.5532
3400.0000	0.5532
3401.0000	0.5532
3402.0000	0.5532
3403.0000	0.5532
3404.0000	0.5532
3405.0000	0.5532
3406.0000	0.5532
3407.0000	0.5532
3408.0000	0.5532
3409.0000	0.5532
3410.0000	0.5532
3411.0000	0.5533
3412.0000	0.5533
3413.0000	0.5533
3414.0000	0.5533
3415.0000	0.5533
3416.0000	0.5533
3417.0000	0.5533
3418.0000	0.5533
3419.0000	0.5533
3420.0000	0.5533
3421.0000	0.5533
3422.0000	0.5533
3423.0000	0.5533
3424.0000	0.5533
3425.0000	0.5535
3426.0000	0.5535
3427.0000	0.5535
3428.0000	0.5535
3429.0000	0.5535
3430.0000	0.5535
3431.0000	0.5535
3432.0000	0.5535
3433.0000	0.5535
3434.0000	0.5535
3435.0000	0.5535
3436.0000	0.5535
3437.0000	0.5535
3438.0000	0.5535
3439.0000	0.5537
3440.0000	0.5537
3441.0000	0.5537
3442.0000	0.5537
3443.0000	0.5537
3444.0000	0.5537
3445.0000	0.5537
3446.0000	0.5537
3447.0000	0.5537
3448.0000	0.5537
3449.0000	0.5537
3450.0000	0.5537
3451.0000	0.5537
3452.0000	0.5539
3453.0000	0.5539
3454.0000	0.5539
3455.0000	0.5539
3456.0000	0.5539
3457.0000	0.5539
3458.0000	0.5539
3459.0000	0.5539
3460.0000	0.5539
3461.0000	0.5539
3462.0000	0.5539
3463.0000	0.5539
3464.0000	0.5540
3465.0000	0.5540
3466.0000	0.5540
3467.0000	0.5540
3468.0000	0.5540
3469.0000	0.5540
3470.0000	0.5540
3471.0000	0.5540
3472.0000	0.5540
3473.0000	0.5540
3474.0000	0.5540
3475.0000	0.5542
3476.0000	0.5542
3477.0000	0.5542
3478.0000	0.5542
3479.0000	0.5542
3480.0000	0.5542
3481.0000	0.5542
3482.0000	0.5542
3483.0000	0.5542
3484.0000	0.5542
3485.0000	0.5542
3486.0000	0.5544
3487.0000	0.5544
3488.0000	0.5544
3489.0000	0.5544
3490.0000	0.5544
3491.0000	0.5544
3492.0000	0.5544
3493.0000	0.5544
3494.0000	0.5544
3495.0000	0.5544
3496.0000	0.5544
3497.0000	0.5545
3498.0000	0.5545
3499.0000	0.5545
3500.0000	0.5545
3501.0000	0.5545
3502.0000	0.5545
3503.0000	0.5545
3504.0000	0.5545
3505.0000	0.5545
3506.0000	0.5545
3507.0000	0.5547
3508.0000	0.5547
3509.0000	0.5547
3510.0000	0.5547
3511.0000	0.5547
3512.0000	0.5547
3513.0000	0.5547
3514.0000	0.5547
3515.0000	0.5547
3516.0000	0.5547
3517.0000	0.5549
3518.0000	0.5549
3519.0000	0.5549
3520.0000	0.5549
3521.0000	0.5549
3522.0000	0.5549
3523.0000	0.5549
3524.0000	0.5549
3525.0000	0.5549
3526.0000	0.5550
3527.0000	0.5550
3528.0000	0.5550
3529.0000	0.5550
3530.0000	0.5550
3531.0000	0.5550
3532.0000	0.5550
3533.0000	0.5550
3534.0000	0.5550
3535.0000	0.5552
3536.0000	0.5552
3537.0000	0.5552
3538.0000	0.5552
3539.0000	0.5552
3540.0000	0.5552
3541.0000	0.5552
3542.0000	0.5552
3543.0000	0.5552
3544.0000	0.5554
3545.0000	0.5554
3546.0000	0.5554
3547.0000	0.5554
3548.0000	0.5554
3549.0000	0.5554
3550.0000	0.5554
3551.0000	0.5554
3552.0000	0.5554
3553.0000	0.5555
3554.0000	0.5555
3555.0000	0.5555
3556.0000	0.5555
3557.0000	0.5555
3558.0000	0.5555
3559.0000	0.5555
3560.0000	0.5555
3561.0000	0.5555
3562.0000	0.5557
3563.0000	0.5557
3600.0000   0.6000