0.0000	0.0000
1.0000	0.0000
2.0000	0.0000
3.0000	0.0000
4.0000	0.0000
5.0000	0.0000
6.0000	0.0000
7.0000	1.2184
8.0000	2.8990
9.0000	4.7477
10.0000	6.7205
11.0000	8.7807
12.0000	10.8936
13.0000	13.0326
14.0000	15.1722
15.0000	17.2895
16.0000	19.3700
17.0000	21.3972
18.0000	23.3559
19.0000	25.2406
20.0000	27.0381
21.0000	28.7470
22.0000	30.3600
23.0000	31.8702
24.0000	33.2816
25.0000	34.5861
26.0000	35.7904
27.0000	36.8913
28.0000	37.8861
29.0000	38.7837
30.0000	39.5830
31.0000	40.2819
32.0000	40.8916
33.0000	41.4070
34.0000	41.8396
35.0000	42.1890
36.0000	42.4543
37.0000	42.6479
38.0000	42.7692
39.0000	42.8177
40.0000	42.8057
41.0000	42.7285
42.0000	42.5983
43.0000	42.4146
44.0000	42.1764
45.0000	41.8961
46.0000	41.5682
47.0000	41.2047
48.0000	40.8044
49.0000	40.3663
50.0000	39.9017
51.0000	39.4090
52.0000	38.8871
53.0000	38.3467
54.0000	37.7820
55.0000	37.2036
56.0000	36.6093
57.0000	35.9979
58.0000	35.3786
59.0000	34.7497
60.0000	34.1093
61.0000	33.4661
62.0000	32.8149
63.0000	32.1639
64.0000	31.5109
65.0000	30.8541
66.0000	30.2011
67.0000	29.5497
68.0000	28.8979
69.0000	28.2528
70.0000	27.6093
71.0000	26.9739
72.0000	26.3444
73.0000	25.7189
74.0000	25.1032
75.0000	24.4928
76.0000	23.8931
77.0000	23.3020
78.0000	22.7176
79.0000	22.1451
80.0000	21.5821
81.0000	21.0269
82.0000	20.4840
83.0000	19.9494
84.0000	19.4274
85.0000	18.9159
86.0000	18.4132
87.0000	17.9231
88.0000	17.4439
89.0000	16.9737
90.0000	16.5159
91.0000	16.0674
92.0000	15.6312
93.0000	15.2057
94.0000	14.7891
95.0000	14.3847
96.0000	13.9891
97.0000	13.6054
98.0000	13.2317
99.0000	12.8668
100.0000	12.5131
101.0000	12.1691
102.0000	11.8335
103.0000	11.5085
104.0000	11.1916
105.0000	10.8850
106.0000	10.5872
107.0000	10.2972
108.0000	10.0168
109.0000	9.7448
110.0000	9.4800
111.0000	9.2242
112.0000	8.9754
113.0000	8.7351
114.0000	8.5023
115.0000	8.2760
116.0000	8.0576
117.0000	7.8454
118.0000	7.6408
119.0000	7.4427
120.0000	7.2503
121.0000	7.0650
122.0000	6.8857
123.0000	6.7116
124.0000	6.5440
125.0000	6.3812
126.0000	6.2246
127.0000	6.0733
128.0000	5.9265
129.0000	5.7852
130.0000	5.6488
131.0000	5.5164
132.0000	5.3893
133.0000	5.2659
134.0000	5.1474
135.0000	5.0330
136.0000	4.9221
137.0000	4.8155
138.0000	4.7123
139.0000	4.6132
140.0000	4.5176
141.0000	4.4250
142.0000	4.3360
143.0000	4.2503
144.0000	4.1673
145.0000	4.0876
146.0000	4.0104
147.0000	3.9364
148.0000	3.8652
149.0000	3.7961
150.0000	3.7299
151.0000	3.6662
152.0000	3.6044
153.0000	3.5453
154.0000	3.4879
155.0000	3.4331
156.0000	3.3803
157.0000	3.3291
158.0000	3.2801
159.0000	3.2327
160.0000	3.1874
161.0000	3.1437
162.0000	3.1014
163.0000	3.0609
164.0000	3.0220
165.0000	2.9842
166.0000	2.9483
167.0000	2.9132
168.0000	2.8799
169.0000	2.8478
170.0000	2.8167
171.0000	2.7871
172.0000	2.7585
173.0000	2.7308
174.0000	2.7043
175.0000	2.6786
176.0000	2.6542
177.0000	2.6308
178.0000	2.6079
179.0000	2.5861
180.0000	2.5650
181.0000	2.5450
182.0000	2.5257
183.0000	2.5068
184.0000	2.4890
185.0000	2.4718
186.0000	2.4551
187.0000	2.4392
188.0000	2.4237
189.0000	2.4091
190.0000	2.3950
191.0000	2.3812
192.0000	2.3682
193.0000	2.3557
194.0000	2.3434
195.0000	2.3318
196.0000	2.3205
197.0000	2.3098
198.0000	2.2995
199.0000	2.2894
200.0000	2.2799
201.0000	2.2708
202.0000	2.2617
203.0000	2.2533
204.0000	2.2449
205.0000	2.2371
206.0000	2.2296
207.0000	2.2222
208.0000	2.2152
209.0000	2.2084
210.0000	2.2019
211.0000	2.1957
212.0000	2.1895
213.0000	2.1839
214.0000	2.1784
215.0000	2.1728
216.0000	2.1677
217.0000	2.1626
218.0000	2.1579
219.0000	2.1533
220.0000	2.1488
221.0000	2.1445
222.0000	2.1405
223.0000	2.1363
224.0000	2.1326
225.0000	2.1287
226.0000	2.1253
227.0000	2.1219
228.0000	2.1184
229.0000	2.1153
230.0000	2.1120
231.0000	2.1091
232.0000	2.1063
233.0000	2.1034
234.0000	2.1008
235.0000	2.0983
236.0000	2.0956
237.0000	2.0933
238.0000	2.0907
239.0000	2.0886
240.0000	2.0864
241.0000	2.0842
242.0000	2.0822
243.0000	2.0803
244.0000	2.0782
245.0000	2.0764
246.0000	2.0745
247.0000	2.0728
248.0000	2.0711
249.0000	2.0694
250.0000	2.0678
251.0000	2.0661
252.0000	2.0647
253.0000	2.0632
254.0000	2.0617
255.0000	2.0604
256.0000	2.0591
257.0000	2.0577
258.0000	2.0564
259.0000	2.0550
260.0000	2.0539
261.0000	2.0528
262.0000	2.0515
263.0000	2.0504
264.0000	2.0494
265.0000	2.0482
266.0000	2.0472
267.0000	2.0459
268.0000	2.0450
269.0000	2.0441
270.0000	2.0426
271.0000	2.0410
272.0000	2.0395
273.0000	2.0380
274.0000	2.0365
275.0000	2.0351
276.0000	2.0336
277.0000	2.0322
278.0000	2.0308
279.0000	2.0294
280.0000	2.0280
281.0000	2.0267
282.0000	2.0253
283.0000	2.0239
284.0000	2.0226
285.0000	2.0213
286.0000	2.0199
287.0000	2.0186
288.0000	2.0174
289.0000	2.0161
290.0000	2.0148
291.0000	2.0135
292.0000	2.0123
293.0000	2.0110
294.0000	2.0099
295.0000	2.0088
296.0000	2.0075
297.0000	2.0063
298.0000	2.0050
299.0000	2.0039
300.0000	2.0026
301.0000	2.0014
302.0000	2.0002
303.0000	1.9990
304.0000	1.9981
305.0000	1.9969
306.0000	1.9957
307.0000	1.9945
308.0000	1.9934
309.0000	1.9922
310.0000	1.9910
311.0000	1.9900
312.0000	1.9889
313.0000	1.9878
314.0000	1.9866
315.0000	1.9854
316.0000	1.9842
317.0000	1.9832
318.0000	1.9822
319.0000	1.9811
320.0000	1.9799
321.0000	1.9788
322.0000	1.9777
323.0000	1.9768
324.0000	1.9756
325.0000	1.9745
326.0000	1.9734
327.0000	1.9723
328.0000	1.9714
329.0000	1.9702
330.0000	1.9691
331.0000	1.9680
332.0000	1.9669
333.0000	1.9660
334.0000	1.9649
335.0000	1.9637
336.0000	1.9627
337.0000	1.9618
338.0000	1.9606
339.0000	1.9595
340.0000	1.9584
341.0000	1.9576
342.0000	1.9565
343.0000	1.9553
344.0000	1.9542
345.0000	1.9533
346.0000	1.9523
347.0000	1.9512
348.0000	1.9501
349.0000	1.9491
350.0000	1.9480
351.0000	1.9470
352.0000	1.9461
353.0000	1.9450
354.0000	1.9439
355.0000	1.9428
356.0000	1.9419
357.0000	1.9408
358.0000	1.9397
359.0000	1.9388
360.0000	1.9377
361.0000	1.9367
362.0000	1.9358
363.0000	1.9347
364.0000	1.9336
365.0000	1.9327
366.0000	1.9317
367.0000	1.9306
368.0000	1.9296
369.0000	1.9285
370.0000	1.9274
371.0000	1.9266
372.0000	1.9255
373.0000	1.9244
374.0000	1.9235
375.0000	1.9224
376.0000	1.9216
377.0000	1.9205
378.0000	1.9194
379.0000	1.9185
380.0000	1.9174
381.0000	1.9164
382.0000	1.9155
383.0000	1.9144
384.0000	1.9135
385.0000	1.9125
386.0000	1.9116
387.0000	1.9105
388.0000	1.9094
389.0000	1.9085
390.0000	1.9075
391.0000	1.9066
392.0000	1.9055
393.0000	1.9044
394.0000	1.9035
395.0000	1.9024
396.0000	1.9015
397.0000	1.9004
398.0000	1.8995
399.0000	1.8985
400.0000	1.8976
401.0000	1.8965
402.0000	1.8956
403.0000	1.8946
404.0000	1.8935
405.0000	1.8926
406.0000	1.8915
407.0000	1.8906
408.0000	1.8896
409.0000	1.8887
410.0000	1.8876
411.0000	1.8867
412.0000	1.8856
413.0000	1.8848
414.0000	1.8837
415.0000	1.8828
416.0000	1.8817
417.0000	1.8809
418.0000	1.8798
419.0000	1.8789
420.0000	1.8778
421.0000	1.8770
422.0000	1.8759
423.0000	1.8750
424.0000	1.8741
425.0000	1.8730
426.0000	1.8722
427.0000	1.8711
428.0000	1.8702
429.0000	1.8691
430.0000	1.8683
431.0000	1.8672
432.0000	1.8663
433.0000	1.8654
434.0000	1.8644
435.0000	1.8635
436.0000	1.8624
437.0000	1.8615
438.0000	1.8604
439.0000	1.8596
440.0000	1.8587
441.0000	1.8576
442.0000	1.8568
443.0000	1.8557
444.0000	1.8548
445.0000	1.8539
446.0000	1.8528
447.0000	1.8520
448.0000	1.8509
449.0000	1.8500
450.0000	1.8491
451.0000	1.8481
452.0000	1.8472
453.0000	1.8463
454.0000	1.8452
455.0000	1.8444
456.0000	1.8433
457.0000	1.8424
458.0000	1.8415
459.0000	1.8405
460.0000	1.8396
461.0000	1.8387
462.0000	1.8376
463.0000	1.8368
464.0000	1.8359
465.0000	1.8348
466.0000	1.8339
467.0000	1.8331
468.0000	1.8320
469.0000	1.8311
470.0000	1.8302
471.0000	1.8292
472.0000	1.8283
473.0000	1.8274
474.0000	1.8266
475.0000	1.8255
476.0000	1.8246
477.0000	1.8237
478.0000	1.8226
479.0000	1.8218
480.0000	1.8209
481.0000	1.8200
482.0000	1.8190
483.0000	1.8181
484.0000	1.8172
485.0000	1.8161
486.0000	1.8153
487.0000	1.8144
488.0000	1.8135
489.0000	1.8124
490.0000	1.8116
491.0000	1.8107
492.0000	1.8098
493.0000	1.8087
494.0000	1.8079
495.0000	1.8070
496.0000	1.8061
497.0000	1.8053
498.0000	1.8042
499.0000	1.8033
500.0000	1.8024
501.0000	1.8016
502.0000	1.8005
503.0000	1.7996
504.0000	1.7987
505.0000	1.7979
506.0000	1.7970
507.0000	1.7959
508.0000	1.7951
509.0000	1.7942
510.0000	1.7933
511.0000	1.7924
512.0000	1.7914
513.0000	1.7905
514.0000	1.7896
515.0000	1.7888
516.0000	1.7879
517.0000	1.7870
518.0000	1.7859
519.0000	1.7851
520.0000	1.7842
521.0000	1.7833
522.0000	1.7825
523.0000	1.7816
524.0000	1.7807
525.0000	1.7796
526.0000	1.7788
527.0000	1.7779
528.0000	1.7770
529.0000	1.7762
530.0000	1.7753
531.0000	1.7744
532.0000	1.7733
533.0000	1.7725
534.0000	1.7716
535.0000	1.7707
536.0000	1.7699
537.0000	1.7690
538.0000	1.7681
539.0000	1.7672
540.0000	1.7664
541.0000	1.7655
542.0000	1.7644
543.0000	1.7636
544.0000	1.7627
545.0000	1.7618
546.0000	1.7609
547.0000	1.7601
548.0000	1.7592
549.0000	1.7583
550.0000	1.7575
551.0000	1.7566
552.0000	1.7557
553.0000	1.7549
554.0000	1.7540
555.0000	1.7531
556.0000	1.7523
557.0000	1.7512
558.0000	1.7503
559.0000	1.7494
560.0000	1.7486
561.0000	1.7477
562.0000	1.7468
563.0000	1.7460
564.0000	1.7451
565.0000	1.7442
566.0000	1.7434
567.0000	1.7425
568.0000	1.7416
569.0000	1.7407
570.0000	1.7399
571.0000	1.7390
572.0000	1.7381
573.0000	1.7373
574.0000	1.7364
575.0000	1.7355
576.0000	1.7347
577.0000	1.7338
578.0000	1.7329
579.0000	1.7321
580.0000	1.7312
581.0000	1.7303
582.0000	1.7294
583.0000	1.7286
584.0000	1.7277
585.0000	1.7268
586.0000	1.7260
587.0000	1.7251
588.0000	1.7242
589.0000	1.7236
590.0000	1.7227
591.0000	1.7218
592.0000	1.7210
593.0000	1.7201
594.0000	1.7192
595.0000	1.7184
596.0000	1.7175
597.0000	1.7166
598.0000	1.7158
599.0000	1.7149
600.0000	1.7140
601.0000	1.7132
602.0000	1.7123
603.0000	1.7116
604.0000	1.7108
605.0000	1.7099
606.0000	1.7090
607.0000	1.7082
608.0000	1.7073
609.0000	1.7064
610.0000	1.7056
611.0000	1.7047
612.0000	1.7038
613.0000	1.7032
614.0000	1.7023
615.0000	1.7014
616.0000	1.7006
617.0000	1.6997
618.0000	1.6988
619.0000	1.6979
620.0000	1.6971
621.0000	1.6964
622.0000	1.6956
623.0000	1.6947
624.0000	1.6938
625.0000	1.6930
626.0000	1.6921
627.0000	1.6912
628.0000	1.6906
629.0000	1.6897
630.0000	1.6888
631.0000	1.6880
632.0000	1.6871
633.0000	1.6862
634.0000	1.6856
635.0000	1.6847
636.0000	1.6838
637.0000	1.6830
638.0000	1.6821
639.0000	1.6814
640.0000	1.6806
641.0000	1.6797
642.0000	1.6788
643.0000	1.6780
644.0000	1.6773
645.0000	1.6764
646.0000	1.6756
647.0000	1.6747
648.0000	1.6738
649.0000	1.6732
650.0000	1.6723
651.0000	1.6714
652.0000	1.6706
653.0000	1.6697
654.0000	1.6691
655.0000	1.6682
656.0000	1.6673
657.0000	1.6664
658.0000	1.6658
659.0000	1.6649
660.0000	1.6641
661.0000	1.6632
662.0000	1.6625
663.0000	1.6617
664.0000	1.6608
665.0000	1.6599
666.0000	1.6593
667.0000	1.6584
668.0000	1.6575
669.0000	1.6567
670.0000	1.6560
671.0000	1.6552
672.0000	1.6543
673.0000	1.6536
674.0000	1.6528
675.0000	1.6519
676.0000	1.6510
677.0000	1.6504
678.0000	1.6495
679.0000	1.6486
680.0000	1.6480
681.0000	1.6471
682.0000	1.6462
683.0000	1.6456
684.0000	1.6447
685.0000	1.6439
686.0000	1.6432
687.0000	1.6423
688.0000	1.6415
689.0000	1.6406
690.0000	1.6399
691.0000	1.6391
692.0000	1.6382
693.0000	1.6376
694.0000	1.6367
695.0000	1.6358
696.0000	1.6352
697.0000	1.6343
698.0000	1.6336
699.0000	1.6328
700.0000	1.6319
701.0000	1.6313
702.0000	1.6304
703.0000	1.6295
704.0000	1.6289
705.0000	1.6280
706.0000	1.6271
707.0000	1.6265
708.0000	1.6256
709.0000	1.6250
710.0000	1.6241
711.0000	1.6232
712.0000	1.6226
713.0000	1.6217
714.0000	1.6208
715.0000	1.6202
716.0000	1.6193
717.0000	1.6187
718.0000	1.6178
719.0000	1.6169
720.0000	1.6163
721.0000	1.6154
722.0000	1.6147
723.0000	1.6139
724.0000	1.6130
725.0000	1.6124
726.0000	1.6115
727.0000	1.6108
728.0000	1.6100
729.0000	1.6093
730.0000	1.6084
731.0000	1.6076
732.0000	1.6069
733.0000	1.6061
734.0000	1.6054
735.0000	1.6045
736.0000	1.6039
737.0000	1.6030
738.0000	1.6024
739.0000	1.6015
740.0000	1.6006
741.0000	1.6000
742.0000	1.5991
743.0000	1.5985
744.0000	1.5976
745.0000	1.5969
746.0000	1.5961
747.0000	1.5954
748.0000	1.5945
749.0000	1.5939
750.0000	1.5930
751.0000	1.5924
752.0000	1.5915
753.0000	1.5908
754.0000	1.5900
755.0000	1.5893
756.0000	1.5885
757.0000	1.5878
758.0000	1.5869
759.0000	1.5863
760.0000	1.5854
761.0000	1.5848
762.0000	1.5839
763.0000	1.5832
764.0000	1.5824
765.0000	1.5817
766.0000	1.5809
767.0000	1.5802
768.0000	1.5793
769.0000	1.5787
770.0000	1.5778
771.0000	1.5772
772.0000	1.5763
773.0000	1.5756
774.0000	1.5750
775.0000	1.5741
776.0000	1.5735
777.0000	1.5726
778.0000	1.5719
779.0000	1.5711
780.0000	1.5704
781.0000	1.5696
782.0000	1.5689
783.0000	1.5683
784.0000	1.5674
785.0000	1.5667
786.0000	1.5659
787.0000	1.5652
788.0000	1.5643
789.0000	1.5637
790.0000	1.5630
791.0000	1.5622
792.0000	1.5615
793.0000	1.5607
794.0000	1.5600
795.0000	1.5591
796.0000	1.5585
797.0000	1.5578
798.0000	1.5570
799.0000	1.5563
800.0000	1.5554
801.0000	1.5548
802.0000	1.5541
803.0000	1.5533
804.0000	1.5526
805.0000	1.5520
806.0000	1.5511
807.0000	1.5504
808.0000	1.5496
809.0000	1.5489
810.0000	1.5483
811.0000	1.5474
812.0000	1.5467
813.0000	1.5461
814.0000	1.5452
815.0000	1.5446
816.0000	1.5437
817.0000	1.5431
818.0000	1.5424
819.0000	1.5415
820.0000	1.5409
821.0000	1.5402
822.0000	1.5394
823.0000	1.5387
824.0000	1.5381
825.0000	1.5372
826.0000	1.5365
827.0000	1.5359
828.0000	1.5350
829.0000	1.5344
830.0000	1.5337
831.0000	1.5328
832.0000	1.5322
833.0000	1.5315
834.0000	1.5307
835.0000	1.5300
836.0000	1.5294
837.0000	1.5287
838.0000	1.5278
839.0000	1.5272
840.0000	1.5265
841.0000	1.5257
842.0000	1.5250
843.0000	1.5244
844.0000	1.5235
845.0000	1.5229
846.0000	1.5222
847.0000	1.5215
848.0000	1.5207
849.0000	1.5200
850.0000	1.5194
851.0000	1.5187
852.0000	1.5179
853.0000	1.5172
854.0000	1.5166
855.0000	1.5157
856.0000	1.5150
857.0000	1.5144
858.0000	1.5137
859.0000	1.5129
860.0000	1.5122
861.0000	1.5116
862.0000	1.5109
863.0000	1.5100
864.0000	1.5094
865.0000	1.5087
866.0000	1.5081
867.0000	1.5072
868.0000	1.5066
869.0000	1.5059
870.0000	1.5053
871.0000	1.5046
872.0000	1.5037
873.0000	1.5031
874.0000	1.5024
875.0000	1.5018
876.0000	1.5009
877.0000	1.5003
878.0000	1.4996
879.0000	1.4990
880.0000	1.4983
881.0000	1.4974
882.0000	1.4968
883.0000	1.4961
884.0000	1.4955
885.0000	1.4948
886.0000	1.4940
887.0000	1.4933
888.0000	1.4927
889.0000	1.4920
890.0000	1.4914
891.0000	1.4905
892.0000	1.4898
893.0000	1.4892
894.0000	1.4885
895.0000	1.4879
896.0000	1.4872
897.0000	1.4864
898.0000	1.4857
899.0000	1.4851
900.0000	1.4844
901.0000	1.4837
902.0000	1.4831
903.0000	1.4822
904.0000	1.4816
905.0000	1.4809
906.0000	1.4803
907.0000	1.4796
908.0000	1.4790
909.0000	1.4783
910.0000	1.4774
911.0000	1.4768
912.0000	1.4761
913.0000	1.4755
914.0000	1.4748
915.0000	1.4742
916.0000	1.4735
917.0000	1.4729
918.0000	1.4720
919.0000	1.4714
920.0000	1.4707
921.0000	1.4701
922.0000	1.4694
923.0000	1.4688
924.0000	1.4681
925.0000	1.4675
926.0000	1.4666
927.0000	1.4659
928.0000	1.4653
929.0000	1.4646
930.0000	1.4640
931.0000	1.4633
932.0000	1.4627
933.0000	1.4620
934.0000	1.4614
935.0000	1.4607
936.0000	1.4601
937.0000	1.4592
938.0000	1.4585
939.0000	1.4579
940.0000	1.4572
941.0000	1.4566
942.0000	1.4559
943.0000	1.4553
944.0000	1.4546
945.0000	1.4540
946.0000	1.4533
947.0000	1.4527
948.0000	1.4520
949.0000	1.4514
950.0000	1.4507
951.0000	1.4501
952.0000	1.4494
953.0000	1.4486
954.0000	1.4479
955.0000	1.4473
956.0000	1.4466
957.0000	1.4459
958.0000	1.4453
959.0000	1.4446
960.0000	1.4440
961.0000	1.4433
962.0000	1.4427
963.0000	1.4420
964.0000	1.4414
965.0000	1.4407
966.0000	1.4401
967.0000	1.4394
968.0000	1.4388
969.0000	1.4381
970.0000	1.4375
971.0000	1.4368
972.0000	1.4362
973.0000	1.4355
974.0000	1.4349
975.0000	1.4342
976.0000	1.4336
977.0000	1.4329
978.0000	1.4323
979.0000	1.4316
980.0000	1.4310
981.0000	1.4303
982.0000	1.4297
983.0000	1.4290
984.0000	1.4284
985.0000	1.4277
986.0000	1.4270
987.0000	1.4264
988.0000	1.4257
989.0000	1.4251
990.0000	1.4244
991.0000	1.4238
992.0000	1.4231
993.0000	1.4225
994.0000	1.4218
995.0000	1.4212
996.0000	1.4205
997.0000	1.4199
998.0000	1.4194
999.0000	1.4188
1000.0000	1.4181
1001.0000	1.4175
1002.0000	1.4168
1003.0000	1.4162
1004.0000	1.4155
1005.0000	1.4149
1006.0000	1.4142
1007.0000	1.4136
1008.0000	1.4129
1009.0000	1.4123
1010.0000	1.4116
1011.0000	1.4110
1012.0000	1.4103
1013.0000	1.4097
1014.0000	1.4092
1015.0000	1.4086
1016.0000	1.4079
1017.0000	1.4073
1018.0000	1.4066
1019.0000	1.4060
1020.0000	1.4053
1021.0000	1.4047
1022.0000	1.4040
1023.0000	1.4034
1024.0000	1.4027
1025.0000	1.4023
1026.0000	1.4016
1027.0000	1.4010
1028.0000	1.4003
1029.0000	1.3997
1030.0000	1.3990
1031.0000	1.3984
1032.0000	1.3977
1033.0000	1.3971
1034.0000	1.3966
1035.0000	1.3960
1036.0000	1.3953
1037.0000	1.3947
1038.0000	1.3940
1039.0000	1.3934
1040.0000	1.3927
1041.0000	1.3921
1042.0000	1.3916
1043.0000	1.3910
1044.0000	1.3903
1045.0000	1.3897
1046.0000	1.3890
1047.0000	1.3884
1048.0000	1.3877
1049.0000	1.3873
1050.0000	1.3866
1051.0000	1.3860
1052.0000	1.3853
1053.0000	1.3847
1054.0000	1.3840
1055.0000	1.3836
1056.0000	1.3829
1057.0000	1.3823
1058.0000	1.3816
1059.0000	1.3810
1060.0000	1.3803
1061.0000	1.3799
1062.0000	1.3793
1063.0000	1.3786
1064.0000	1.3780
1065.0000	1.3773
1066.0000	1.3766
1067.0000	1.3762
1068.0000	1.3756
1069.0000	1.3749
1070.0000	1.3743
1071.0000	1.3736
1072.0000	1.3732
1073.0000	1.3725
1074.0000	1.3719
1075.0000	1.3712
1076.0000	1.3706
1077.0000	1.3701
1078.0000	1.3695
1079.0000	1.3688
1080.0000	1.3682
1081.0000	1.3675
1082.0000	1.3671
1083.0000	1.3664
1084.0000	1.3658
1085.0000	1.3651
1086.0000	1.3647
1087.0000	1.3640
1088.0000	1.3634
1089.0000	1.3627
1090.0000	1.3621
1091.0000	1.3617
1092.0000	1.3610
1093.0000	1.3604
1094.0000	1.3597
1095.0000	1.3593
1096.0000	1.3586
1097.0000	1.3580
1098.0000	1.3573
1099.0000	1.3569
1100.0000	1.3562
1101.0000	1.3556
1102.0000	1.3549
1103.0000	1.3545
1104.0000	1.3538
1105.0000	1.3532
1106.0000	1.3525
1107.0000	1.3521
1108.0000	1.3515
1109.0000	1.3508
1110.0000	1.3501
1111.0000	1.3497
1112.0000	1.3491
1113.0000	1.3484
1114.0000	1.3480
1115.0000	1.3473
1116.0000	1.3467
1117.0000	1.3460
1118.0000	1.3456
1119.0000	1.3449
1120.0000	1.3443
1121.0000	1.3436
1122.0000	1.3432
1123.0000	1.3425
1124.0000	1.3419
1125.0000	1.3415
1126.0000	1.3408
1127.0000	1.3402
1128.0000	1.3397
1129.0000	1.3391
1130.0000	1.3384
1131.0000	1.3378
1132.0000	1.3373
1133.0000	1.3367
1134.0000	1.3360
1135.0000	1.3356
1136.0000	1.3349
1137.0000	1.3343
1138.0000	1.3339
1139.0000	1.3332
1140.0000	1.3326
1141.0000	1.3321
1142.0000	1.3315
1143.0000	1.3308
1144.0000	1.3304
1145.0000	1.3297
1146.0000	1.3291
1147.0000	1.3286
1148.0000	1.3280
1149.0000	1.3273
1150.0000	1.3269
1151.0000	1.3263
1152.0000	1.3256
1153.0000	1.3252
1154.0000	1.3245
1155.0000	1.3239
1156.0000	1.3234
1157.0000	1.3228
1158.0000	1.3221
1159.0000	1.3217
1160.0000	1.3210
1161.0000	1.3204
1162.0000	1.3200
1163.0000	1.3193
1164.0000	1.3189
1165.0000	1.3182
1166.0000	1.3176
1167.0000	1.3171
1168.0000	1.3165
1169.0000	1.3158
1170.0000	1.3154
1171.0000	1.3147
1172.0000	1.3143
1173.0000	1.3137
1174.0000	1.3130
1175.0000	1.3126
1176.0000	1.3119
1177.0000	1.3113
1178.0000	1.3108
1179.0000	1.3102
1180.0000	1.3097
1181.0000	1.3091
1182.0000	1.3084
1183.0000	1.3080
1184.0000	1.3074
1185.0000	1.3069
1186.0000	1.3063
1187.0000	1.3056
1188.0000	1.3052
1189.0000	1.3045
1190.0000	1.3041
1191.0000	1.3034
1192.0000	1.3030
1193.0000	1.3024
1194.0000	1.3017
1195.0000	1.3013
1196.0000	1.3006
1197.0000	1.3002
1198.0000	1.2995
1199.0000	1.2989
1200.0000	1.2984
1201.0000	1.2978
1202.0000	1.2974
1203.0000	1.2967
1204.0000	1.2963
1205.0000	1.2956
1206.0000	1.2952
1207.0000	1.2945
1208.0000	1.2939
1209.0000	1.2934
1210.0000	1.2928
1211.0000	1.2924
1212.0000	1.2917
1213.0000	1.2913
1214.0000	1.2906
1215.0000	1.2902
1216.0000	1.2895
1217.0000	1.2889
1218.0000	1.2885
1219.0000	1.2878
1220.0000	1.2874
1221.0000	1.2867
1222.0000	1.2863
1223.0000	1.2856
1224.0000	1.2852
1225.0000	1.2845
1226.0000	1.2841
1227.0000	1.2835
1228.0000	1.2830
1229.0000	1.2824
1230.0000	1.2819
1231.0000	1.2813
1232.0000	1.2808
1233.0000	1.2802
1234.0000	1.2798
1235.0000	1.2791
1236.0000	1.2787
1237.0000	1.2780
1238.0000	1.2774
1239.0000	1.2769
1240.0000	1.2763
1241.0000	1.2759
1242.0000	1.2752
1243.0000	1.2748
1244.0000	1.2741
1245.0000	1.2737
1246.0000	1.2732
1247.0000	1.2726
1248.0000	1.2722
1249.0000	1.2715
1250.0000	1.2711
1251.0000	1.2704
1252.0000	1.2700
1253.0000	1.2693
1254.0000	1.2689
1255.0000	1.2682
1256.0000	1.2678
1257.0000	1.2672
1258.0000	1.2667
1259.0000	1.2661
1260.0000	1.2656
1261.0000	1.2650
1262.0000	1.2646
1263.0000	1.2639
1264.0000	1.2635
1265.0000	1.2628
1266.0000	1.2624
1267.0000	1.2619
1268.0000	1.2613
1269.0000	1.2609
1270.0000	1.2602
1271.0000	1.2598
1272.0000	1.2591
1273.0000	1.2587
1274.0000	1.2580
1275.0000	1.2576
1276.0000	1.2572
1277.0000	1.2565
1278.0000	1.2561
1279.0000	1.2554
1280.0000	1.2550
1281.0000	1.2543
1282.0000	1.2539
1283.0000	1.2533
1284.0000	1.2528
1285.0000	1.2524
1286.0000	1.2517
1287.0000	1.2513
1288.0000	1.2507
1289.0000	1.2502
1290.0000	1.2496
1291.0000	1.2491
1292.0000	1.2487
1293.0000	1.2480
1294.0000	1.2476
1295.0000	1.2470
1296.0000	1.2465
1297.0000	1.2461
1298.0000	1.2454
1299.0000	1.2450
1300.0000	1.2444
1301.0000	1.2439
1302.0000	1.2435
1303.0000	1.2428
1304.0000	1.2424
1305.0000	1.2417
1306.0000	1.2413
1307.0000	1.2409
1308.0000	1.2402
1309.0000	1.2398
1310.0000	1.2391
1311.0000	1.2387
1312.0000	1.2383
1313.0000	1.2376
1314.0000	1.2372
1315.0000	1.2367
1316.0000	1.2361
1317.0000	1.2357
1318.0000	1.2350
1319.0000	1.2346
1320.0000	1.2341
1321.0000	1.2335
1322.0000	1.2331
1323.0000	1.2326
1324.0000	1.2320
1325.0000	1.2315
1326.0000	1.2309
1327.0000	1.2304
1328.0000	1.2300
1329.0000	1.2294
1330.0000	1.2289
1331.0000	1.2285
1332.0000	1.2278
1333.0000	1.2274
1334.0000	1.2270
1335.0000	1.2263
1336.0000	1.2259
1337.0000	1.2255
1338.0000	1.2248
1339.0000	1.2244
1340.0000	1.2239
1341.0000	1.2233
1342.0000	1.2228
1343.0000	1.2222
1344.0000	1.2218
1345.0000	1.2213
1346.0000	1.2209
1347.0000	1.2202
1348.0000	1.2198
1349.0000	1.2194
1350.0000	1.2187
1351.0000	1.2183
1352.0000	1.2178
1353.0000	1.2172
1354.0000	1.2168
1355.0000	1.2163
1356.0000	1.2157
1357.0000	1.2152
1358.0000	1.2148
1359.0000	1.2142
1360.0000	1.2137
1361.0000	1.2133
1362.0000	1.2126
1363.0000	1.2122
1364.0000	1.2118
1365.0000	1.2111
1366.0000	1.2107
1367.0000	1.2102
1368.0000	1.2098
1369.0000	1.2092
1370.0000	1.2087
1371.0000	1.2083
1372.0000	1.2076
1373.0000	1.2072
1374.0000	1.2068
1375.0000	1.2063
1376.0000	1.2057
1377.0000	1.2052
1378.0000	1.2048
1379.0000	1.2042
1380.0000	1.2037
1381.0000	1.2033
1382.0000	1.2029
1383.0000	1.2022
1384.0000	1.2018
1385.0000	1.2013
1386.0000	1.2007
1387.0000	1.2003
1388.0000	1.1998
1389.0000	1.1994
1390.0000	1.1987
1391.0000	1.1983
1392.0000	1.1979
1393.0000	1.1974
1394.0000	1.1968
1395.0000	1.1963
1396.0000	1.1959
1397.0000	1.1955
1398.0000	1.1948
1399.0000	1.1944
1400.0000	1.1940
1401.0000	1.1935
1402.0000	1.1929
1403.0000	1.1924
1404.0000	1.1920
1405.0000	1.1916
1406.0000	1.1909
1407.0000	1.1905
1408.0000	1.1900
1409.0000	1.1896
1410.0000	1.1890
1411.0000	1.1885
1412.0000	1.1881
1413.0000	1.1877
1414.0000	1.1870
1415.0000	1.1866
1416.0000	1.1861
1417.0000	1.1857
1418.0000	1.1853
1419.0000	1.1846
1420.0000	1.1842
1421.0000	1.1837
1422.0000	1.1833
1423.0000	1.1827
1424.0000	1.1822
1425.0000	1.1818
1426.0000	1.1814
1427.0000	1.1809
1428.0000	1.1803
1429.0000	1.1798
1430.0000	1.1794
1431.0000	1.1790
1432.0000	1.1785
1433.0000	1.1779
1434.0000	1.1774
1435.0000	1.1770
1436.0000	1.1766
1437.0000	1.1761
1438.0000	1.1755
1439.0000	1.1751
1440.0000	1.1746
1441.0000	1.1742
1442.0000	1.1737
1443.0000	1.1731
1444.0000	1.1727
1445.0000	1.1722
1446.0000	1.1718
1447.0000	1.1714
1448.0000	1.1709
1449.0000	1.1703
1450.0000	1.1698
1451.0000	1.1694
1452.0000	1.1690
1453.0000	1.1685
1454.0000	1.1679
1455.0000	1.1674
1456.0000	1.1670
1457.0000	1.1666
1458.0000	1.1661
1459.0000	1.1657
1460.0000	1.1651
1461.0000	1.1646
1462.0000	1.1642
1463.0000	1.1638
1464.0000	1.1633
1465.0000	1.1629
1466.0000	1.1625
1467.0000	1.1618
1468.0000	1.1614
1469.0000	1.1609
1470.0000	1.1605
1471.0000	1.1601
1472.0000	1.1596
1473.0000	1.1590
1474.0000	1.1585
1475.0000	1.1581
1476.0000	1.1577
1477.0000	1.1572
1478.0000	1.1568
1479.0000	1.1564
1480.0000	1.1559
1481.0000	1.1553
1482.0000	1.1548
1483.0000	1.1544
1484.0000	1.1540
1485.0000	1.1535
1486.0000	1.1531
1487.0000	1.1527
1488.0000	1.1520
1489.0000	1.1516
1490.0000	1.1512
1491.0000	1.1507
1492.0000	1.1503
1493.0000	1.1499
1494.0000	1.1494
1495.0000	1.1490
1496.0000	1.1485
1497.0000	1.1479
1498.0000	1.1475
1499.0000	1.1470
1500.0000	1.1466
1501.0000	1.1462
1502.0000	1.1457
1503.0000	1.1453
1504.0000	1.1449
1505.0000	1.1444
1506.0000	1.1438
1507.0000	1.1433
1508.0000	1.1429
1509.0000	1.1425
1510.0000	1.1420
1511.0000	1.1416
1512.0000	1.1412
1513.0000	1.1407
1514.0000	1.1403
1515.0000	1.1399
1516.0000	1.1394
1517.0000	1.1388
1518.0000	1.1383
1519.0000	1.1379
1520.0000	1.1375
1521.0000	1.1370
1522.0000	1.1366
1523.0000	1.1362
1524.0000	1.1357
1525.0000	1.1353
1526.0000	1.1349
1527.0000	1.1344
1528.0000	1.1340
1529.0000	1.1336
1530.0000	1.1329
1531.0000	1.1325
1532.0000	1.1320
1533.0000	1.1316
1534.0000	1.1312
1535.0000	1.1307
1536.0000	1.1303
1537.0000	1.1299
1538.0000	1.1294
1539.0000	1.1290
1540.0000	1.1286
1541.0000	1.1281
1542.0000	1.1277
1543.0000	1.1273
1544.0000	1.1268
1545.0000	1.1264
1546.0000	1.1260
1547.0000	1.1255
1548.0000	1.1249
1549.0000	1.1244
1550.0000	1.1240
1551.0000	1.1236
1552.0000	1.1231
1553.0000	1.1227
1554.0000	1.1223
1555.0000	1.1218
1556.0000	1.1214
1557.0000	1.1210
1558.0000	1.1205
1559.0000	1.1201
1560.0000	1.1197
1561.0000	1.1192
1562.0000	1.1188
1563.0000	1.1184
1564.0000	1.1179
1565.0000	1.1175
1566.0000	1.1170
1567.0000	1.1166
1568.0000	1.1162
1569.0000	1.1157
1570.0000	1.1153
1571.0000	1.1149
1572.0000	1.1144
1573.0000	1.1140
1574.0000	1.1136
1575.0000	1.1131
1576.0000	1.1127
1577.0000	1.1123
1578.0000	1.1118
1579.0000	1.1114
1580.0000	1.1110
1581.0000	1.1105
1582.0000	1.1101
1583.0000	1.1097
1584.0000	1.1092
1585.0000	1.1088
1586.0000	1.1084
1587.0000	1.1079
1588.0000	1.1075
1589.0000	1.1071
1590.0000	1.1066
1591.0000	1.1062
1592.0000	1.1058
1593.0000	1.1053
1594.0000	1.1049
1595.0000	1.1044
1596.0000	1.1040
1597.0000	1.1036
1598.0000	1.1031
1599.0000	1.1027
1600.0000	1.1023
1601.0000	1.1018
1602.0000	1.1014
1603.0000	1.1010
1604.0000	1.1005
1605.0000	1.1001
1606.0000	1.0997
1607.0000	1.0992
1608.0000	1.0988
1609.0000	1.0984
1610.0000	1.0979
1611.0000	1.0975
1612.0000	1.0971
1613.0000	1.0966
1614.0000	1.0962
1615.0000	1.0958
1616.0000	1.0953
1617.0000	1.0951
1618.0000	1.0947
1619.0000	1.0942
1620.0000	1.0938
1621.0000	1.0934
1622.0000	1.0929
1623.0000	1.0925
1624.0000	1.0921
1625.0000	1.0916
1626.0000	1.0912
1627.0000	1.0908
1628.0000	1.0903
1629.0000	1.0899
1630.0000	1.0895
1631.0000	1.0890
1632.0000	1.0886
1633.0000	1.0882
1634.0000	1.0877
1635.0000	1.0875
1636.0000	1.0871
1637.0000	1.0866
1638.0000	1.0862
1639.0000	1.0858
1640.0000	1.0853
1641.0000	1.0849
1642.0000	1.0845
1643.0000	1.0840
1644.0000	1.0836
1645.0000	1.0832
1646.0000	1.0827
1647.0000	1.0823
1648.0000	1.0819
1649.0000	1.0816
1650.0000	1.0812
1651.0000	1.0808
1652.0000	1.0803
1653.0000	1.0799
1654.0000	1.0795
1655.0000	1.0790
1656.0000	1.0786
1657.0000	1.0782
1658.0000	1.0777
1659.0000	1.0773
1660.0000	1.0771
1661.0000	1.0766
1662.0000	1.0762
1663.0000	1.0758
1664.0000	1.0753
1665.0000	1.0749
1666.0000	1.0745
1667.0000	1.0740
1668.0000	1.0736
1669.0000	1.0732
1670.0000	1.0729
1671.0000	1.0725
1672.0000	1.0721
1673.0000	1.0716
1674.0000	1.0712
1675.0000	1.0708
1676.0000	1.0703
1677.0000	1.0699
1678.0000	1.0695
1679.0000	1.0693
1680.0000	1.0688
1681.0000	1.0684
1682.0000	1.0680
1683.0000	1.0675
1684.0000	1.0671
1685.0000	1.0666
1686.0000	1.0662
1687.0000	1.0660
1688.0000	1.0656
1689.0000	1.0651
1690.0000	1.0647
1691.0000	1.0643
1692.0000	1.0638
1693.0000	1.0634
1694.0000	1.0632
1695.0000	1.0627
1696.0000	1.0623
1697.0000	1.0619
1698.0000	1.0614
1699.0000	1.0610
1700.0000	1.0606
1701.0000	1.0603
1702.0000	1.0599
1703.0000	1.0595
1704.0000	1.0590
1705.0000	1.0586
1706.0000	1.0582
1707.0000	1.0577
1708.0000	1.0575
1709.0000	1.0571
1710.0000	1.0567
1711.0000	1.0562
1712.0000	1.0558
1713.0000	1.0554
1714.0000	1.0549
1715.0000	1.0547
1716.0000	1.0543
1717.0000	1.0538
1718.0000	1.0534
1719.0000	1.0530
1720.0000	1.0525
1721.0000	1.0523
1722.0000	1.0519
1723.0000	1.0514
1724.0000	1.0510
1725.0000	1.0506
1726.0000	1.0501
1727.0000	1.0499
1728.0000	1.0495
1729.0000	1.0491
1730.0000	1.0486
1731.0000	1.0482
1732.0000	1.0480
1733.0000	1.0475
1734.0000	1.0471
1735.0000	1.0467
1736.0000	1.0462
1737.0000	1.0458
1738.0000	1.0456
1739.0000	1.0451
1740.0000	1.0447
1741.0000	1.0443
1742.0000	1.0438
1743.0000	1.0436
1744.0000	1.0432
1745.0000	1.0428
1746.0000	1.0423
1747.0000	1.0419
1748.0000	1.0417
1749.0000	1.0412
1750.0000	1.0408
1751.0000	1.0404
1752.0000	1.0399
1753.0000	1.0397
1754.0000	1.0393
1755.0000	1.0388
1756.0000	1.0384
1757.0000	1.0380
1758.0000	1.0378
1759.0000	1.0373
1760.0000	1.0369
1761.0000	1.0365
1762.0000	1.0360
1763.0000	1.0358
1764.0000	1.0354
1765.0000	1.0349
1766.0000	1.0345
1767.0000	1.0343
1768.0000	1.0338
1769.0000	1.0334
1770.0000	1.0330
1771.0000	1.0325
1772.0000	1.0323
1773.0000	1.0319
1774.0000	1.0315
1775.0000	1.0310
1776.0000	1.0308
1777.0000	1.0304
1778.0000	1.0299
1779.0000	1.0295
1780.0000	1.0291
1781.0000	1.0288
1782.0000	1.0284
1783.0000	1.0280
1784.0000	1.0275
1785.0000	1.0273
1786.0000	1.0269
1787.0000	1.0265
1788.0000	1.0260
1789.0000	1.0258
1790.0000	1.0254
1791.0000	1.0249
1792.0000	1.0245
1793.0000	1.0243
1794.0000	1.0239
1795.0000	1.0234
1796.0000	1.0230
1797.0000	1.0228
1798.0000	1.0223
1799.0000	1.0219
1800.0000	1.0215
1801.0000	1.0212
1802.0000	1.0208
1803.0000	1.0204
1804.0000	1.0199
1805.0000	1.0197
1806.0000	1.0193
1807.0000	1.0189
1808.0000	1.0184
1809.0000	1.0182
1810.0000	1.0178
1811.0000	1.0173
1812.0000	1.0171
1813.0000	1.0167
1814.0000	1.0162
1815.0000	1.0158
1816.0000	1.0156
1817.0000	1.0152
1818.0000	1.0147
1819.0000	1.0143
1820.0000	1.0141
1821.0000	1.0136
1822.0000	1.0132
1823.0000	1.0130
1824.0000	1.0126
1825.0000	1.0121
1826.0000	1.0117
1827.0000	1.0115
1828.0000	1.0110
1829.0000	1.0106
1830.0000	1.0104
1831.0000	1.0099
1832.0000	1.0095
1833.0000	1.0091
1834.0000	1.0089
1835.0000	1.0084
1836.0000	1.0080
1837.0000	1.0078
1838.0000	1.0073
1839.0000	1.0069
1840.0000	1.0065
1841.0000	1.0063
1842.0000	1.0058
1843.0000	1.0054
1844.0000	1.0052
1845.0000	1.0047
1846.0000	1.0043
1847.0000	1.0041
1848.0000	1.0036
1849.0000	1.0032
1850.0000	1.0028
1851.0000	1.0026
1852.0000	1.0021
1853.0000	1.0017
1854.0000	1.0015
1855.0000	1.0010
1856.0000	1.0006
1857.0000	1.0004
1858.0000	1.0000
1859.0000	0.9995
1860.0000	0.9993
1861.0000	0.9989
1862.0000	0.9984
1863.0000	0.9982
1864.0000	0.9978
1865.0000	0.9973
1866.0000	0.9971
1867.0000	0.9967
1868.0000	0.9963
1869.0000	0.9958
1870.0000	0.9956
1871.0000	0.9952
1872.0000	0.9947
1873.0000	0.9945
1874.0000	0.9941
1875.0000	0.9937
1876.0000	0.9934
1877.0000	0.9930
1878.0000	0.9926
1879.0000	0.9924
1880.0000	0.9919
1881.0000	0.9915
1882.0000	0.9913
1883.0000	0.9908
1884.0000	0.9906
1885.0000	0.9902
1886.0000	0.9897
1887.0000	0.9895
1888.0000	0.9891
1889.0000	0.9887
1890.0000	0.9884
1891.0000	0.9880
1892.0000	0.9876
1893.0000	0.9874
1894.0000	0.9869
1895.0000	0.9865
1896.0000	0.9863
1897.0000	0.9858
1898.0000	0.9854
1899.0000	0.9852
1900.0000	0.9847
1901.0000	0.9843
1902.0000	0.9841
1903.0000	0.9837
1904.0000	0.9834
1905.0000	0.9830
1906.0000	0.9826
1907.0000	0.9824
1908.0000	0.9819
1909.0000	0.9815
1910.0000	0.9813
1911.0000	0.9808
1912.0000	0.9804
1913.0000	0.9802
1914.0000	0.9798
1915.0000	0.9795
1916.0000	0.9791
1917.0000	0.9787
1918.0000	0.9784
1919.0000	0.9780
1920.0000	0.9776
1921.0000	0.9774
1922.0000	0.9769
1923.0000	0.9767
1924.0000	0.9763
1925.0000	0.9758
1926.0000	0.9756
1927.0000	0.9752
1928.0000	0.9750
1929.0000	0.9745
1930.0000	0.9741
1931.0000	0.9739
1932.0000	0.9735
1933.0000	0.9730
1934.0000	0.9728
1935.0000	0.9724
1936.0000	0.9721
1937.0000	0.9717
1938.0000	0.9713
1939.0000	0.9711
1940.0000	0.9706
1941.0000	0.9704
1942.0000	0.9700
1943.0000	0.9695
1944.0000	0.9693
1945.0000	0.9689
1946.0000	0.9687
1947.0000	0.9682
1948.0000	0.9678
1949.0000	0.9676
1950.0000	0.9672
1951.0000	0.9669
1952.0000	0.9665
1953.0000	0.9661
1954.0000	0.9658
1955.0000	0.9654
1956.0000	0.9652
1957.0000	0.9648
1958.0000	0.9645
1959.0000	0.9641
1960.0000	0.9637
1961.0000	0.9635
1962.0000	0.9630
1963.0000	0.9628
1964.0000	0.9624
1965.0000	0.9619
1966.0000	0.9617
1967.0000	0.9613
1968.0000	0.9611
1969.0000	0.9606
1970.0000	0.9604
1971.0000	0.9600
1972.0000	0.9595
1973.0000	0.9593
1974.0000	0.9589
1975.0000	0.9587
1976.0000	0.9582
1977.0000	0.9580
1978.0000	0.9576
1979.0000	0.9572
1980.0000	0.9569
1981.0000	0.9565
1982.0000	0.9563
1983.0000	0.9559
1984.0000	0.9556
1985.0000	0.9552
1986.0000	0.9548
1987.0000	0.9546
1988.0000	0.9541
1989.0000	0.9539
1990.0000	0.9535
1991.0000	0.9532
1992.0000	0.9528
1993.0000	0.9526
1994.0000	0.9522
1995.0000	0.9517
1996.0000	0.9515
1997.0000	0.9511
1998.0000	0.9509
1999.0000	0.9504
2000.0000	0.9502
2001.0000	0.9498
2002.0000	0.9496
2003.0000	0.9491
2004.0000	0.9489
2005.0000	0.9485
2006.0000	0.9480
2007.0000	0.9478
2008.0000	0.9474
2009.0000	0.9472
2010.0000	0.9467
2011.0000	0.9465
2012.0000	0.9461
2013.0000	0.9459
2014.0000	0.9454
2015.0000	0.9452
2016.0000	0.9448
2017.0000	0.9446
2018.0000	0.9441
2019.0000	0.9437
2020.0000	0.9435
2021.0000	0.9430
2022.0000	0.9428
2023.0000	0.9424
2024.0000	0.9422
2025.0000	0.9417
2026.0000	0.9415
2027.0000	0.9411
2028.0000	0.9409
2029.0000	0.9404
2030.0000	0.9402
2031.0000	0.9398
2032.0000	0.9396
2033.0000	0.9391
2034.0000	0.9389
2035.0000	0.9385
2036.0000	0.9383
2037.0000	0.9378
2038.0000	0.9376
2039.0000	0.9372
2040.0000	0.9370
2041.0000	0.9365
2042.0000	0.9363
2043.0000	0.9359
2044.0000	0.9357
2045.0000	0.9352
2046.0000	0.9350
2047.0000	0.9346
2048.0000	0.9343
2049.0000	0.9339
2050.0000	0.9337
2051.0000	0.9333
2052.0000	0.9330
2053.0000	0.9326
2054.0000	0.9324
2055.0000	0.9320
2056.0000	0.9317
2057.0000	0.9313
2058.0000	0.9311
2059.0000	0.9307
2060.0000	0.9304
2061.0000	0.9300
2062.0000	0.9298
2063.0000	0.9294
2064.0000	0.9291
2065.0000	0.9287
2066.0000	0.9285
2067.0000	0.9280
2068.0000	0.9278
2069.0000	0.9274
2070.0000	0.9272
2071.0000	0.9267
2072.0000	0.9265
2073.0000	0.9261
2074.0000	0.9259
2075.0000	0.9254
2076.0000	0.9252
2077.0000	0.9248
2078.0000	0.9246
2079.0000	0.9241
2080.0000	0.9239
2081.0000	0.9235
2082.0000	0.9233
2083.0000	0.9228
2084.0000	0.9226
2085.0000	0.9222
2086.0000	0.9220
2087.0000	0.9217
2088.0000	0.9213
2089.0000	0.9211
2090.0000	0.9207
2091.0000	0.9204
2092.0000	0.9200
2093.0000	0.9198
2094.0000	0.9194
2095.0000	0.9191
2096.0000	0.9187
2097.0000	0.9185
2098.0000	0.9181
2099.0000	0.9178
2100.0000	0.9174
2101.0000	0.9172
2102.0000	0.9170
2103.0000	0.9165
2104.0000	0.9163
2105.0000	0.9159
2106.0000	0.9157
2107.0000	0.9152
2108.0000	0.9150
2109.0000	0.9146
2110.0000	0.9144
2111.0000	0.9139
2112.0000	0.9137
2113.0000	0.9135
2114.0000	0.9131
2115.0000	0.9128
2116.0000	0.9124
2117.0000	0.9122
2118.0000	0.9118
2119.0000	0.9115
2120.0000	0.9111
2121.0000	0.9109
2122.0000	0.9107
2123.0000	0.9102
2124.0000	0.9100
2125.0000	0.9096
2126.0000	0.9094
2127.0000	0.9089
2128.0000	0.9087
2129.0000	0.9085
2130.0000	0.9081
2131.0000	0.9078
2132.0000	0.9074
2133.0000	0.9072
2134.0000	0.9068
2135.0000	0.9065
2136.0000	0.9063
2137.0000	0.9059
2138.0000	0.9057
2139.0000	0.9052
2140.0000	0.9050
2141.0000	0.9046
2142.0000	0.9044
2143.0000	0.9042
2144.0000	0.9037
2145.0000	0.9035
2146.0000	0.9031
2147.0000	0.9028
2148.0000	0.9024
2149.0000	0.9022
2150.0000	0.9020
2151.0000	0.9015
2152.0000	0.9013
2153.0000	0.9009
2154.0000	0.9007
2155.0000	0.9002
2156.0000	0.9000
2157.0000	0.8998
2158.0000	0.8994
2159.0000	0.8992
2160.0000	0.8987
2161.0000	0.8985
2162.0000	0.8983
2163.0000	0.8979
2164.0000	0.8976
2165.0000	0.8972
2166.0000	0.8970
2167.0000	0.8968
2168.0000	0.8963
2169.0000	0.8961
2170.0000	0.8957
2171.0000	0.8955
2172.0000	0.8952
2173.0000	0.8948
2174.0000	0.8946
2175.0000	0.8942
2176.0000	0.8939
2177.0000	0.8937
2178.0000	0.8933
2179.0000	0.8931
2180.0000	0.8926
2181.0000	0.8924
2182.0000	0.8922
2183.0000	0.8918
2184.0000	0.8916
2185.0000	0.8911
2186.0000	0.8909
2187.0000	0.8907
2188.0000	0.8902
2189.0000	0.8900
2190.0000	0.8898
2191.0000	0.8894
2192.0000	0.8892
2193.0000	0.8887
2194.0000	0.8885
2195.0000	0.8883
2196.0000	0.8879
2197.0000	0.8876
2198.0000	0.8872
2199.0000	0.8870
2200.0000	0.8868
2201.0000	0.8863
2202.0000	0.8861
2203.0000	0.8859
2204.0000	0.8855
2205.0000	0.8853
2206.0000	0.8848
2207.0000	0.8846
2208.0000	0.8844
2209.0000	0.8839
2210.0000	0.8837
2211.0000	0.8835
2212.0000	0.8831
2213.0000	0.8829
2214.0000	0.8824
2215.0000	0.8822
2216.0000	0.8820
2217.0000	0.8816
2218.0000	0.8813
2219.0000	0.8811
2220.0000	0.8807
2221.0000	0.8805
2222.0000	0.8803
2223.0000	0.8798
2224.0000	0.8796
2225.0000	0.8794
2226.0000	0.8790
2227.0000	0.8787
2228.0000	0.8783
2229.0000	0.8781
2230.0000	0.8779
2231.0000	0.8774
2232.0000	0.8772
2233.0000	0.8770
2234.0000	0.8766
2235.0000	0.8763
2236.0000	0.8761
2237.0000	0.8757
2238.0000	0.8755
2239.0000	0.8753
2240.0000	0.8748
2241.0000	0.8746
2242.0000	0.8744
2243.0000	0.8740
2244.0000	0.8737
2245.0000	0.8733
2246.0000	0.8731
2247.0000	0.8729
2248.0000	0.8724
2249.0000	0.8722
2250.0000	0.8720
2251.0000	0.8716
2252.0000	0.8713
2253.0000	0.8711
2254.0000	0.8707
2255.0000	0.8705
2256.0000	0.8703
2257.0000	0.8698
2258.0000	0.8696
2259.0000	0.8694
2260.0000	0.8690
2261.0000	0.8687
2262.0000	0.8685
2263.0000	0.8681
2264.0000	0.8679
2265.0000	0.8677
2266.0000	0.8672
2267.0000	0.8670
2268.0000	0.8668
2269.0000	0.8664
2270.0000	0.8661
2271.0000	0.8659
2272.0000	0.8657
2273.0000	0.8653
2274.0000	0.8650
2275.0000	0.8648
2276.0000	0.8644
2277.0000	0.8642
2278.0000	0.8640
2279.0000	0.8635
2280.0000	0.8633
2281.0000	0.8631
2282.0000	0.8627
2283.0000	0.8624
2284.0000	0.8622
2285.0000	0.8618
2286.0000	0.8616
2287.0000	0.8614
2288.0000	0.8609
2289.0000	0.8607
2290.0000	0.8605
2291.0000	0.8603
2292.0000	0.8598
2293.0000	0.8596
2294.0000	0.8594
2295.0000	0.8590
2296.0000	0.8587
2297.0000	0.8585
2298.0000	0.8581
2299.0000	0.8579
2300.0000	0.8577
2301.0000	0.8572
2302.0000	0.8570
2303.0000	0.8568
2304.0000	0.8566
2305.0000	0.8561
2306.0000	0.8559
2307.0000	0.8557
2308.0000	0.8553
2309.0000	0.8551
2310.0000	0.8548
2311.0000	0.8544
2312.0000	0.8542
2313.0000	0.8540
2314.0000	0.8538
2315.0000	0.8533
2316.0000	0.8531
2317.0000	0.8529
2318.0000	0.8524
2319.0000	0.8522
2320.0000	0.8520
2321.0000	0.8518
2322.0000	0.8514
2323.0000	0.8511
2324.0000	0.8509
2325.0000	0.8505
2326.0000	0.8503
2327.0000	0.8501
2328.0000	0.8498
2329.0000	0.8494
2330.0000	0.8492
2331.0000	0.8490
2332.0000	0.8485
2333.0000	0.8483
2334.0000	0.8481
2335.0000	0.8479
2336.0000	0.8475
2337.0000	0.8472
2338.0000	0.8470
2339.0000	0.8468
2340.0000	0.8464
2341.0000	0.8461
2342.0000	0.8459
2343.0000	0.8455
2344.0000	0.8453
2345.0000	0.8451
2346.0000	0.8448
2347.0000	0.8444
2348.0000	0.8442
2349.0000	0.8440
2350.0000	0.8438
2351.0000	0.8433
2352.0000	0.8431
2353.0000	0.8429
2354.0000	0.8425
2355.0000	0.8422
2356.0000	0.8420
2357.0000	0.8418
2358.0000	0.8414
2359.0000	0.8412
2360.0000	0.8409
2361.0000	0.8407
2362.0000	0.8403
2363.0000	0.8401
2364.0000	0.8398
2365.0000	0.8396
2366.0000	0.8392
2367.0000	0.8390
2368.0000	0.8388
2369.0000	0.8385
2370.0000	0.8381
2371.0000	0.8379
2372.0000	0.8377
2373.0000	0.8375
2374.0000	0.8370
2375.0000	0.8368
2376.0000	0.8366
2377.0000	0.8364
2378.0000	0.8359
2379.0000	0.8357
2380.0000	0.8355
2381.0000	0.8353
2382.0000	0.8349
2383.0000	0.8346
2384.0000	0.8344
2385.0000	0.8342
2386.0000	0.8338
2387.0000	0.8335
2388.0000	0.8333
2389.0000	0.8331
2390.0000	0.8327
2391.0000	0.8325
2392.0000	0.8322
2393.0000	0.8320
2394.0000	0.8316
2395.0000	0.8314
2396.0000	0.8312
2397.0000	0.8309
2398.0000	0.8307
2399.0000	0.8303
2400.0000	0.8301
2401.0000	0.8299
2402.0000	0.8296
2403.0000	0.8292
2404.0000	0.8290
2405.0000	0.8288
2406.0000	0.8286
2407.0000	0.8281
2408.0000	0.8279
2409.0000	0.8277
2410.0000	0.8275
2411.0000	0.8272
2412.0000	0.8268
2413.0000	0.8266
2414.0000	0.8264
2415.0000	0.8262
2416.0000	0.8257
2417.0000	0.8255
2418.0000	0.8253
2419.0000	0.8251
2420.0000	0.8249
2421.0000	0.8244
2422.0000	0.8242
2423.0000	0.8240
2424.0000	0.8238
2425.0000	0.8233
2426.0000	0.8231
2427.0000	0.8229
2428.0000	0.8227
2429.0000	0.8225
2430.0000	0.8220
2431.0000	0.8218
2432.0000	0.8216
2433.0000	0.8214
2434.0000	0.8212
2435.0000	0.8207
2436.0000	0.8205
2437.0000	0.8203
2438.0000	0.8201
2439.0000	0.8196
2440.0000	0.8194
2441.0000	0.8192
2442.0000	0.8190
2443.0000	0.8188
2444.0000	0.8183
2445.0000	0.8181
2446.0000	0.8179
2447.0000	0.8177
2448.0000	0.8175
2449.0000	0.8170
2450.0000	0.8168
2451.0000	0.8166
2452.0000	0.8164
2453.0000	0.8162
2454.0000	0.8157
2455.0000	0.8155
2456.0000	0.8153
2457.0000	0.8151
2458.0000	0.8149
2459.0000	0.8144
2460.0000	0.8142
2461.0000	0.8140
2462.0000	0.8138
2463.0000	0.8136
2464.0000	0.8133
2465.0000	0.8129
2466.0000	0.8127
2467.0000	0.8125
2468.0000	0.8123
2469.0000	0.8120
2470.0000	0.8116
2471.0000	0.8114
2472.0000	0.8112
2473.0000	0.8110
2474.0000	0.8107
2475.0000	0.8103
2476.0000	0.8101
2477.0000	0.8099
2478.0000	0.8097
2479.0000	0.8094
2480.0000	0.8092
2481.0000	0.8088
2482.0000	0.8086
2483.0000	0.8084
2484.0000	0.8081
2485.0000	0.8079
2486.0000	0.8075
2487.0000	0.8073
2488.0000	0.8070
2489.0000	0.8068
2490.0000	0.8066
2491.0000	0.8064
2492.0000	0.8060
2493.0000	0.8057
2494.0000	0.8055
2495.0000	0.8053
2496.0000	0.8051
2497.0000	0.8049
2498.0000	0.8044
2499.0000	0.8042
2500.0000	0.8040
2501.0000	0.8038
2502.0000	0.8036
2503.0000	0.8034
2504.0000	0.8029
2505.0000	0.8027
2506.0000	0.8025
2507.0000	0.8023
2508.0000	0.8021
2509.0000	0.8018
2510.0000	0.8014
2511.0000	0.8012
2512.0000	0.8010
2513.0000	0.8007
2514.0000	0.8005
2515.0000	0.8003
2516.0000	0.7999
2517.0000	0.7997
2518.0000	0.7994
2519.0000	0.7992
2520.0000	0.7990
2521.0000	0.7988
2522.0000	0.7986
2523.0000	0.7981
2524.0000	0.7979
2525.0000	0.7977
2526.0000	0.7975
2527.0000	0.7973
2528.0000	0.7971
2529.0000	0.7966
2530.0000	0.7964
2531.0000	0.7962
2532.0000	0.7960
2533.0000	0.7958
2534.0000	0.7955
2535.0000	0.7953
2536.0000	0.7949
2537.0000	0.7947
2538.0000	0.7944
2539.0000	0.7942
2540.0000	0.7940
2541.0000	0.7938
2542.0000	0.7936
2543.0000	0.7931
2544.0000	0.7929
2545.0000	0.7927
2546.0000	0.7925
2547.0000	0.7923
2548.0000	0.7921
2549.0000	0.7918
2550.0000	0.7914
2551.0000	0.7912
2552.0000	0.7910
2553.0000	0.7908
2554.0000	0.7905
2555.0000	0.7903
2556.0000	0.7901
2557.0000	0.7897
2558.0000	0.7895
2559.0000	0.7892
2560.0000	0.7890
2561.0000	0.7888
2562.0000	0.7886
2563.0000	0.7884
2564.0000	0.7881
2565.0000	0.7877
2566.0000	0.7875
2567.0000	0.7873
2568.0000	0.7871
2569.0000	0.7868
2570.0000	0.7866
2571.0000	0.7864
2572.0000	0.7862
2573.0000	0.7858
2574.0000	0.7855
2575.0000	0.7853
2576.0000	0.7851
2577.0000	0.7849
2578.0000	0.7847
2579.0000	0.7845
2580.0000	0.7842
2581.0000	0.7838
2582.0000	0.7836
2583.0000	0.7834
2584.0000	0.7832
2585.0000	0.7829
2586.0000	0.7827
2587.0000	0.7825
2588.0000	0.7823
2589.0000	0.7821
2590.0000	0.7816
2591.0000	0.7814
2592.0000	0.7812
2593.0000	0.7810
2594.0000	0.7808
2595.0000	0.7805
2596.0000	0.7803
2597.0000	0.7801
2598.0000	0.7799
2599.0000	0.7795
2600.0000	0.7792
2601.0000	0.7790
2602.0000	0.7788
2603.0000	0.7786
2604.0000	0.7784
2605.0000	0.7782
2606.0000	0.7779
2607.0000	0.7777
2608.0000	0.7773
2609.0000	0.7771
2610.0000	0.7769
2611.0000	0.7766
2612.0000	0.7764
2613.0000	0.7762
2614.0000	0.7760
2615.0000	0.7758
2616.0000	0.7755
2617.0000	0.7753
2618.0000	0.7749
2619.0000	0.7747
2620.0000	0.7745
2621.0000	0.7742
2622.0000	0.7740
2623.0000	0.7738
2624.0000	0.7736
2625.0000	0.7734
2626.0000	0.7732
2627.0000	0.7729
2628.0000	0.7727
2629.0000	0.7723
2630.0000	0.7721
2631.0000	0.7719
2632.0000	0.7716
2633.0000	0.7714
2634.0000	0.7712
2635.0000	0.7710
2636.0000	0.7708
2637.0000	0.7706
2638.0000	0.7703
2639.0000	0.7701
2640.0000	0.7697
2641.0000	0.7695
2642.0000	0.7692
2643.0000	0.7690
2644.0000	0.7688
2645.0000	0.7686
2646.0000	0.7684
2647.0000	0.7682
2648.0000	0.7679
2649.0000	0.7677
2650.0000	0.7675
2651.0000	0.7673
2652.0000	0.7669
2653.0000	0.7666
2654.0000	0.7664
2655.0000	0.7662
2656.0000	0.7660
2657.0000	0.7658
2658.0000	0.7656
2659.0000	0.7653
2660.0000	0.7651
2661.0000	0.7649
2662.0000	0.7647
2663.0000	0.7645
2664.0000	0.7643
2665.0000	0.7638
2666.0000	0.7636
2667.0000	0.7634
2668.0000	0.7632
2669.0000	0.7629
2670.0000	0.7627
2671.0000	0.7625
2672.0000	0.7623
2673.0000	0.7621
2674.0000	0.7619
2675.0000	0.7616
2676.0000	0.7614
2677.0000	0.7612
2678.0000	0.7610
2679.0000	0.7608
2680.0000	0.7603
2681.0000	0.7601
2682.0000	0.7599
2683.0000	0.7597
2684.0000	0.7595
2685.0000	0.7593
2686.0000	0.7590
2687.0000	0.7588
2688.0000	0.7586
2689.0000	0.7584
2690.0000	0.7582
2691.0000	0.7580
2692.0000	0.7577
2693.0000	0.7575
2694.0000	0.7573
2695.0000	0.7571
2696.0000	0.7569
2697.0000	0.7564
2698.0000	0.7562
2699.0000	0.7560
2700.0000	0.7558
2701.0000	0.7556
2702.0000	0.7553
2703.0000	0.7551
2704.0000	0.7549
2705.0000	0.7547
2706.0000	0.7545
2707.0000	0.7543
2708.0000	0.7540
2709.0000	0.7538
2710.0000	0.7536
2711.0000	0.7534
2712.0000	0.7532
2713.0000	0.7530
2714.0000	0.7527
2715.0000	0.7525
2716.0000	0.7523
2717.0000	0.7521
2718.0000	0.7517
2719.0000	0.7514
2720.0000	0.7512
2721.0000	0.7510
2722.0000	0.7508
2723.0000	0.7506
2724.0000	0.7503
2725.0000	0.7501
2726.0000	0.7499
2727.0000	0.7497
2728.0000	0.7495
2729.0000	0.7493
2730.0000	0.7490
2731.0000	0.7488
2732.0000	0.7486
2733.0000	0.7484
2734.0000	0.7482
2735.0000	0.7480
2736.0000	0.7477
2737.0000	0.7475
2738.0000	0.7473
2739.0000	0.7471
2740.0000	0.7469
2741.0000	0.7467
2742.0000	0.7464
2743.0000	0.7462
2744.0000	0.7460
2745.0000	0.7458
2746.0000	0.7454
2747.0000	0.7451
2748.0000	0.7449
2749.0000	0.7447
2750.0000	0.7445
2751.0000	0.7443
2752.0000	0.7440
2753.0000	0.7438
2754.0000	0.7436
2755.0000	0.7434
2756.0000	0.7432
2757.0000	0.7430
2758.0000	0.7427
2759.0000	0.7425
2760.0000	0.7423
2761.0000	0.7421
2762.0000	0.7419
2763.0000	0.7417
2764.0000	0.7414
2765.0000	0.7412
2766.0000	0.7410
2767.0000	0.7408
2768.0000	0.7406
2769.0000	0.7404
2770.0000	0.7401
2771.0000	0.7399
2772.0000	0.7397
2773.0000	0.7395
2774.0000	0.7393
2775.0000	0.7391
2776.0000	0.7388
2777.0000	0.7386
2778.0000	0.7384
2779.0000	0.7382
2780.0000	0.7380
2781.0000	0.7377
2782.0000	0.7375
2783.0000	0.7373
2784.0000	0.7371
2785.0000	0.7369
2786.0000	0.7367
2787.0000	0.7364
2788.0000	0.7362
2789.0000	0.7360
2790.0000	0.7358
2791.0000	0.7356
2792.0000	0.7354
2793.0000	0.7351
2794.0000	0.7349
2795.0000	0.7347
2796.0000	0.7345
2797.0000	0.7343
2798.0000	0.7341
2799.0000	0.7338
2800.0000	0.7336
2801.0000	0.7334
2802.0000	0.7332
2803.0000	0.7330
2804.0000	0.7328
2805.0000	0.7325
2806.0000	0.7323
2807.0000	0.7321
2808.0000	0.7319
2809.0000	0.7317
2810.0000	0.7314
2811.0000	0.7312
2812.0000	0.7310
2813.0000	0.7308
2814.0000	0.7306
2815.0000	0.7304
2816.0000	0.7301
2817.0000	0.7299
2818.0000	0.7297
2819.0000	0.7295
2820.0000	0.7293
2821.0000	0.7291
2822.0000	0.7288
2823.0000	0.7286
2824.0000	0.7284
2825.0000	0.7282
2826.0000	0.7280
2827.0000	0.7278
2828.0000	0.7275
2829.0000	0.7273
2830.0000	0.7271
2831.0000	0.7269
2832.0000	0.7267
2833.0000	0.7265
2834.0000	0.7262
2835.0000	0.7260
2836.0000	0.7258
2837.0000	0.7256
2838.0000	0.7254
2839.0000	0.7251
2840.0000	0.7249
2841.0000	0.7247
2842.0000	0.7245
2843.0000	0.7243
2844.0000	0.7241
2845.0000	0.7238
2846.0000	0.7236
2847.0000	0.7234
2848.0000	0.7232
2849.0000	0.7230
2850.0000	0.7228
2851.0000	0.7225
2852.0000	0.7223
2853.0000	0.7221
2854.0000	0.7219
2855.0000	0.7217
2856.0000	0.7215
2857.0000	0.7212
2858.0000	0.7210
2859.0000	0.7210
2860.0000	0.7208
2861.0000	0.7206
2862.0000	0.7204
2863.0000	0.7202
2864.0000	0.7199
2865.0000	0.7197
2866.0000	0.7195
2867.0000	0.7193
2868.0000	0.7191
2869.0000	0.7188
2870.0000	0.7186
2871.0000	0.7184
2872.0000	0.7182
2873.0000	0.7180
2874.0000	0.7178
2875.0000	0.7175
2876.0000	0.7173
2877.0000	0.7171
2878.0000	0.7169
2879.0000	0.7167
2880.0000	0.7165
2881.0000	0.7162
2882.0000	0.7160
2883.0000	0.7158
2884.0000	0.7156
2885.0000	0.7154
2886.0000	0.7152
2887.0000	0.7152
2888.0000	0.7149
2889.0000	0.7147
2890.0000	0.7145
2891.0000	0.7143
2892.0000	0.7141
2893.0000	0.7139
2894.0000	0.7136
2895.0000	0.7134
2896.0000	0.7132
2897.0000	0.7130
2898.0000	0.7128
2899.0000	0.7125
2900.0000	0.7123
2901.0000	0.7121
2902.0000	0.7119
2903.0000	0.7117
2904.0000	0.7115
2905.0000	0.7112
2906.0000	0.7110
2907.0000	0.7108
2908.0000	0.7106
2909.0000	0.7106
2910.0000	0.7104
2911.0000	0.7102
2912.0000	0.7099
2913.0000	0.7097
2914.0000	0.7095
2915.0000	0.7093
2916.0000	0.7091
2917.0000	0.7089
2918.0000	0.7086
2919.0000	0.7084
2920.0000	0.7082
2921.0000	0.7080
2922.0000	0.7078
2923.0000	0.7076
2924.0000	0.7073
2925.0000	0.7071
2926.0000	0.7069
2927.0000	0.7069
2928.0000	0.7067
2929.0000	0.7065
2930.0000	0.7062
2931.0000	0.7060
2932.0000	0.7058
2933.0000	0.7056
2934.0000	0.7054
2935.0000	0.7052
2936.0000	0.7049
2937.0000	0.7047
2938.0000	0.7045
2939.0000	0.7043
2940.0000	0.7041
2941.0000	0.7039
2942.0000	0.7036
2943.0000	0.7036
2944.0000	0.7034
2945.0000	0.7032
2946.0000	0.7030
2947.0000	0.7028
2948.0000	0.7026
2949.0000	0.7023
2950.0000	0.7021
2951.0000	0.7019
2952.0000	0.7017
2953.0000	0.7015
2954.0000	0.7013
2955.0000	0.7010
2956.0000	0.7008
2957.0000	0.7008
2958.0000	0.7006
2959.0000	0.7004
2960.0000	0.7002
2961.0000	0.6999
2962.0000	0.6997
2963.0000	0.6995
2964.0000	0.6993
2965.0000	0.6991
2966.0000	0.6989
2967.0000	0.6986
2968.0000	0.6984
2969.0000	0.6982
2970.0000	0.6982
2971.0000	0.6980
2972.0000	0.6978
2973.0000	0.6976
2974.0000	0.6973
2975.0000	0.6971
2976.0000	0.6969
2977.0000	0.6967
2978.0000	0.6965
2979.0000	0.6963
2980.0000	0.6960
2981.0000	0.6958
2982.0000	0.6956
2983.0000	0.6956
2984.0000	0.6954
2985.0000	0.6952
2986.0000	0.6950
2987.0000	0.6947
2988.0000	0.6945
2989.0000	0.6943
2990.0000	0.6941
2991.0000	0.6939
2992.0000	0.6936
2993.0000	0.6934
2994.0000	0.6934
2995.0000	0.6932
2996.0000	0.6930
2997.0000	0.6928
2998.0000	0.6926
2999.0000	0.6923
3000.0000	0.6921
3001.0000	0.6919
3002.0000	0.6917
3003.0000	0.6915
3004.0000	0.6913
3005.0000	0.6913
3006.0000	0.6910
3007.0000	0.6908
3008.0000	0.6906
3009.0000	0.6904
3010.0000	0.6902
3011.0000	0.6900
3012.0000	0.6897
3013.0000	0.6895
3014.0000	0.6893
3015.0000	0.6893
3016.0000	0.6891
3017.0000	0.6889
3018.0000	0.6887
3019.0000	0.6884
3020.0000	0.6882
3021.0000	0.6880
3022.0000	0.6878
3023.0000	0.6876
3024.0000	0.6873
3025.0000	0.6873
3026.0000	0.6871
3027.0000	0.6869
3028.0000	0.6867
3029.0000	0.6865
3030.0000	0.6863
3031.0000	0.6860
3032.0000	0.6858
3033.0000	0.6856
3034.0000	0.6854
3035.0000	0.6854
3036.0000	0.6852
3037.0000	0.6850
3038.0000	0.6847
3039.0000	0.6845
3040.0000	0.6843
3041.0000	0.6841
3042.0000	0.6839
3043.0000	0.6837
3044.0000	0.6837
3045.0000	0.6834
3046.0000	0.6832
3047.0000	0.6830
3048.0000	0.6828
3049.0000	0.6826
3050.0000	0.6824
3051.0000	0.6821
3052.0000	0.6819
3053.0000	0.6819
3054.0000	0.6817
3055.0000	0.6815
3056.0000	0.6813
3057.0000	0.6810
3058.0000	0.6808
3059.0000	0.6806
3060.0000	0.6804
3061.0000	0.6804
3062.0000	0.6802
3063.0000	0.6800
3064.0000	0.6797
3065.0000	0.6795
3066.0000	0.6793
3067.0000	0.6791
3068.0000	0.6789
3069.0000	0.6787
3070.0000	0.6787
3071.0000	0.6784
3072.0000	0.6782
3073.0000	0.6780
3074.0000	0.6778
3075.0000	0.6776
3076.0000	0.6774
3077.0000	0.6771
3078.0000	0.6771
3079.0000	0.6769
3080.0000	0.6767
3081.0000	0.6765
3082.0000	0.6763
3083.0000	0.6761
3084.0000	0.6758
3085.0000	0.6756
3086.0000	0.6756
3087.0000	0.6754
3088.0000	0.6752
3089.0000	0.6750
3090.0000	0.6747
3091.0000	0.6745
3092.0000	0.6743
3093.0000	0.6741
3094.0000	0.6741
3095.0000	0.6739
3096.0000	0.6737
3097.0000	0.6734
3098.0000	0.6732
3099.0000	0.6730
3100.0000	0.6728
3101.0000	0.6728
3102.0000	0.6726
3103.0000	0.6724
3104.0000	0.6721
3105.0000	0.6719
3106.0000	0.6717
3107.0000	0.6715
3108.0000	0.6713
3109.0000	0.6713
3110.0000	0.6711
3111.0000	0.6708
3112.0000	0.6706
3113.0000	0.6704
3114.0000	0.6702
3115.0000	0.6700
3116.0000	0.6700
3117.0000	0.6698
3118.0000	0.6695
3119.0000	0.6693
3120.0000	0.6691
3121.0000	0.6689
3122.0000	0.6687
3123.0000	0.6687
3124.0000	0.6684
3125.0000	0.6682
3126.0000	0.6680
3127.0000	0.6678
3128.0000	0.6676
3129.0000	0.6674
3130.0000	0.6674
3131.0000	0.6671
3132.0000	0.6669
3133.0000	0.6667
3134.0000	0.6665
3135.0000	0.6663
3136.0000	0.6661
3137.0000	0.6661
3138.0000	0.6658
3139.0000	0.6656
3140.0000	0.6654
3141.0000	0.6652
3142.0000	0.6650
3143.0000	0.6650
3144.0000	0.6648
3145.0000	0.6645
3146.0000	0.6643
3147.0000	0.6641
3148.0000	0.6639
3149.0000	0.6637
3150.0000	0.6637
3151.0000	0.6635
3152.0000	0.6632
3153.0000	0.6630
3154.0000	0.6628
3155.0000	0.6626
3156.0000	0.6626
3157.0000	0.6624
3158.0000	0.6621
3159.0000	0.6619
3160.0000	0.6617
3161.0000	0.6615
3162.0000	0.6613
3163.0000	0.6613
3164.0000	0.6611
3165.0000	0.6608
3166.0000	0.6606
3167.0000	0.6604
3168.0000	0.6602
3169.0000	0.6602
3170.0000	0.6600
3171.0000	0.6598
3172.0000	0.6595
3173.0000	0.6593
3174.0000	0.6591
3175.0000	0.6591
3176.0000	0.6589
3177.0000	0.6587
3178.0000	0.6585
3179.0000	0.6582
3180.0000	0.6580
3181.0000	0.6580
3182.0000	0.6578
3183.0000	0.6576
3184.0000	0.6574
3185.0000	0.6572
3186.0000	0.6569
3187.0000	0.6569
3188.0000	0.6567
3189.0000	0.6565
3190.0000	0.6563
3191.0000	0.6561
3192.0000	0.6558
3193.0000	0.6558
3194.0000	0.6556
3195.0000	0.6554
3196.0000	0.6552
3197.0000	0.6550
3198.0000	0.6548
3199.0000	0.6548
3200.0000	0.6545
3201.0000	0.6543
3202.0000	0.6541
3203.0000	0.6539
3204.0000	0.6537
3205.0000	0.6537
3206.0000	0.6535
3207.0000	0.6532
3208.0000	0.6530
3209.0000	0.6528
3210.0000	0.6528
3211.0000	0.6526
3212.0000	0.6524
3213.0000	0.6522
3214.0000	0.6519
3215.0000	0.6517
3216.0000	0.6517
3217.0000	0.6515
3218.0000	0.6513
3219.0000	0.6511
3220.0000	0.6509
3221.0000	0.6506
3222.0000	0.6506
3223.0000	0.6504
3224.0000	0.6502
3225.0000	0.6500
3226.0000	0.6498
3227.0000	0.6498
3228.0000	0.6495
3229.0000	0.6493
3230.0000	0.6491
3231.0000	0.6489
3232.0000	0.6487
3233.0000	0.6487
3234.0000	0.6485
3235.0000	0.6482
3236.0000	0.6480
3237.0000	0.6478
3238.0000	0.6478
3239.0000	0.6476
3240.0000	0.6474
3241.0000	0.6472
3242.0000	0.6469
3243.0000	0.6469
3244.0000	0.6467
3245.0000	0.6465
3246.0000	0.6463
3247.0000	0.6461
3248.0000	0.6459
3249.0000	0.6459
3250.0000	0.6456
3251.0000	0.6454
3252.0000	0.6452
3253.0000	0.6450
3254.0000	0.6450
3255.0000	0.6448
3256.0000	0.6446
3257.0000	0.6443
3258.0000	0.6441
3259.0000	0.6441
3260.0000	0.6439
3261.0000	0.6437
3262.0000	0.6435
3263.0000	0.6432
3264.0000	0.6432
3265.0000	0.6430
3266.0000	0.6428
3267.0000	0.6426
3268.0000	0.6424
3269.0000	0.6424
3270.0000	0.6422
3271.0000	0.6419
3272.0000	0.6417
3273.0000	0.6415
3274.0000	0.6415
3275.0000	0.6413
3276.0000	0.6411
3277.0000	0.6409
3278.0000	0.6406
3279.0000	0.6406
3280.0000	0.6404
3281.0000	0.6402
3282.0000	0.6400
3283.0000	0.6398
3284.0000	0.6398
3285.0000	0.6396
3286.0000	0.6393
3287.0000	0.6391
3288.0000	0.6389
3289.0000	0.6389
3290.0000	0.6387
3291.0000	0.6385
3292.0000	0.6383
3293.0000	0.6380
3294.0000	0.6380
3295.0000	0.6378
3296.0000	0.6376
3297.0000	0.6374
3298.0000	0.6372
3299.0000	0.6372
3300.0000	0.6369
3301.0000	0.6367
3302.0000	0.6365
3303.0000	0.6363
3304.0000	0.6363
3305.0000	0.6361
3306.0000	0.6359
3307.0000	0.6356
3308.0000	0.6356
3309.0000	0.6354
3310.0000	0.6352
3311.0000	0.6350
3312.0000	0.6348
3313.0000	0.6348
3314.0000	0.6346
3315.0000	0.6343
3316.0000	0.6341
3317.0000	0.6339
3318.0000	0.6339
3319.0000	0.6337
3320.0000	0.6335
3321.0000	0.6333
3322.0000	0.6333
3323.0000	0.6330
3324.0000	0.6328
3325.0000	0.6326
3326.0000	0.6324
3327.0000	0.6324
3328.0000	0.6322
3329.0000	0.6320
3330.0000	0.6317
3331.0000	0.6315
3332.0000	0.6315
3333.0000	0.6313
3334.0000	0.6311
3335.0000	0.6309
3336.0000	0.6309
3337.0000	0.6306
3338.0000	0.6304
3339.0000	0.6302
3340.0000	0.6300
3341.0000	0.6300
3342.0000	0.6298
3343.0000	0.6296
3344.0000	0.6293
3345.0000	0.6293
3346.0000	0.6291
3347.0000	0.6289
3348.0000	0.6287
3349.0000	0.6285
3350.0000	0.6285
3351.0000	0.6283
3352.0000	0.6280
3353.0000	0.6278
3354.0000	0.6278
3355.0000	0.6276
3356.0000	0.6274
3357.0000	0.6272
3358.0000	0.6272
3359.0000	0.6270
3360.0000	0.6267
3361.0000	0.6265
3362.0000	0.6263
3363.0000	0.6263
3364.0000	0.6261
3365.0000	0.6259
3366.0000	0.6257
3367.0000	0.6257
3368.0000	0.6254
3369.0000	0.6252
3370.0000	0.6250
3371.0000	0.6250
3372.0000	0.6248
3373.0000	0.6246
3374.0000	0.6243
3375.0000	0.6241
3376.0000	0.6241
3377.0000	0.6239
3378.0000	0.6237
3379.0000	0.6235
3380.0000	0.6235
3381.0000	0.6233
3382.0000	0.6230
3383.0000	0.6228
3384.0000	0.6228
3385.0000	0.6226
3386.0000	0.6224
3387.0000	0.6222
3388.0000	0.6222
3389.0000	0.6220
3390.0000	0.6217
3391.0000	0.6215
3392.0000	0.6215
3393.0000	0.6213
3394.0000	0.6211
3395.0000	0.6209
3396.0000	0.6207
3397.0000	0.6207
3398.0000	0.6204
3399.0000	0.6202
3400.0000	0.6200
3401.0000	0.6200
3402.0000	0.6198
3403.0000	0.6196
3404.0000	0.6194
3405.0000	0.6194
3406.0000	0.6191
3407.0000	0.6189
3408.0000	0.6187
3409.0000	0.6187
3410.0000	0.6185
3411.0000	0.6183
3412.0000	0.6180
3413.0000	0.6180
3414.0000	0.6178
3415.0000	0.6176
3416.0000	0.6174
3417.0000	0.6174
3418.0000	0.6172
3419.0000	0.6170
3420.0000	0.6167
3421.0000	0.6167
3422.0000	0.6165
3423.0000	0.6163
3424.0000	0.6161
3425.0000	0.6161
3426.0000	0.6159
3427.0000	0.6157
3428.0000	0.6154
3429.0000	0.6154
3430.0000	0.6152
3431.0000	0.6150
3432.0000	0.6148
3433.0000	0.6148
3434.0000	0.6146
3435.0000	0.6144
3436.0000	0.6141
3437.0000	0.6141
3438.0000	0.6139
3439.0000	0.6137
3440.0000	0.6135
3441.0000	0.6135
3442.0000	0.6133
3443.0000	0.6131
3444.0000	0.6128
3445.0000	0.6128
3446.0000	0.6126
3447.0000	0.6124
3448.0000	0.6122
3449.0000	0.6122
3450.0000	0.6120
3451.0000	0.6117
3452.0000	0.6115
3453.0000	0.6115
3454.0000	0.6113
3455.0000	0.6111
3456.0000	0.6111
3457.0000	0.6109
3458.0000	0.6107
3459.0000	0.6104
3460.0000	0.6104
3461.0000	0.6102
3462.0000	0.6100
3463.0000	0.6098
3464.0000	0.6098
3465.0000	0.6096
3466.0000	0.6094
3467.0000	0.6091
3468.0000	0.6091
3469.0000	0.6089
3470.0000	0.6087
3471.0000	0.6085
3472.0000	0.6085
3473.0000	0.6083
3474.0000	0.6081
3475.0000	0.6081
3476.0000	0.6078
3477.0000	0.6076
3478.0000	0.6074
3479.0000	0.6074
3480.0000	0.6072
3481.0000	0.6070
3482.0000	0.6068
3483.0000	0.6068
3484.0000	0.6065
3485.0000	0.6063
3486.0000	0.6061
3487.0000	0.6061
3488.0000	0.6059
3489.0000	0.6057
3490.0000	0.6057
3491.0000	0.6054
3492.0000	0.6052
3493.0000	0.6050
3494.0000	0.6050
3495.0000	0.6048
3496.0000	0.6046
3497.0000	0.6044
3498.0000	0.6044
3499.0000	0.6041
3500.0000	0.6039
3501.0000	0.6039
3502.0000	0.6037
3503.0000	0.6035
3504.0000	0.6033
3505.0000	0.6033
3506.0000	0.6031
3507.0000	0.6028
3508.0000	0.6026
3509.0000	0.6026
3510.0000	0.6024
3511.0000	0.6022
3512.0000	0.6022
3513.0000	0.6020
3514.0000	0.6018
3515.0000	0.6015
3516.0000	0.6015
3517.0000	0.6013
3518.0000	0.6011
3519.0000	0.6011
3520.0000	0.6009
3521.0000	0.6007
3522.0000	0.6005
3523.0000	0.6005
3524.0000	0.6002
3525.0000	0.6000
3526.0000	0.6000
3527.0000	0.5998
3528.0000	0.5996
3529.0000	0.5994
3530.0000	0.5994
3531.0000	0.5991
3532.0000	0.5989
3533.0000	0.5989
3534.0000	0.5987
3535.0000	0.5985
3536.0000	0.5983
3537.0000	0.5983
3538.0000	0.5981
3539.0000	0.5978
3540.0000	0.5978
3541.0000	0.5976
3542.0000	0.5974
3543.0000	0.5972
3544.0000	0.5972
3545.0000	0.5970
3546.0000	0.5968
3547.0000	0.5968
3548.0000	0.5965
3549.0000	0.5963
3550.0000	0.5961
3551.0000	0.5961
3552.0000	0.5959
3553.0000	0.5957
3554.0000	0.5957
3555.0000	0.5955
3556.0000	0.5952
3557.0000	0.5950
3558.0000	0.5950
3559.0000	0.5948
3560.0000	0.5946
3561.0000	0.5946
3562.0000	0.5944
3563.0000	0.5942
3564.0000	0.5939
3565.0000	0.5939
3566.0000	0.5937
3567.0000	0.5935
3568.0000	0.5935
